0	0	1
0	1	1
0	2	1
0	34	1
0	49	1
0	116	1
0	124	1
0	133	1
0	136	1
0	150	1
0	151	1
0	152	1
0	153	1
0	154	1
0	155	1
0	169	1
0	193	1
0	202	1
0	209	1
0	210	1
0	250	1
0	251	1
0	255	1
1	0	1
1	1	1
1	2	1
1	34	1
1	49	1
1	116	1
1	124	1
1	133	1
1	136	1
1	150	1
1	151	1
1	152	1
1	153	1
1	154	1
1	155	1
1	169	1
1	193	1
1	202	1
1	209	1
1	210	1
1	250	1
1	251	1
1	255	1
2	0	1
2	1	1
2	2	1
2	34	1
2	49	1
2	116	1
2	124	1
2	133	1
2	136	1
2	150	1
2	151	1
2	152	1
2	153	1
2	154	1
2	155	1
2	169	1
2	193	1
2	202	1
2	209	1
2	210	1
2	250	1
2	251	1
2	255	1
3	3	1
3	4	1
3	5	1
3	23	1
3	73	1
3	74	1
3	97	1
3	99	1
3	100	1
3	101	1
3	109	1
3	110	1
3	112	1
3	113	1
3	140	1
3	141	1
3	145	1
3	146	1
3	147	1
3	148	1
3	149	1
3	166	1
3	168	1
3	170	1
3	191	1
3	192	1
3	228	1
3	234	1
3	239	1
3	241	1
3	242	1
3	243	1
3	246	1
3	269	1
3	273	1
3	277	1
4	3	1
4	4	1
4	5	1
4	23	1
4	73	1
4	74	1
4	97	1
4	99	1
4	100	1
4	101	1
4	109	1
4	110	1
4	112	1
4	113	1
4	140	1
4	141	1
4	145	1
4	146	1
4	147	1
4	148	1
4	149	1
4	166	1
4	168	1
4	170	1
4	191	1
4	192	1
4	228	1
4	234	1
4	239	1
4	241	1
4	242	1
4	243	1
4	246	1
4	269	1
4	273	1
4	277	1
5	3	1
5	4	1
5	5	1
5	23	1
5	73	1
5	74	1
5	97	1
5	99	1
5	100	1
5	101	1
5	109	1
5	110	1
5	112	1
5	113	1
5	140	1
5	141	1
5	145	1
5	146	1
5	147	1
5	148	1
5	149	1
5	166	1
5	168	1
5	170	1
5	191	1
5	192	1
5	228	1
5	234	1
5	239	1
5	241	1
5	242	1
5	243	1
5	246	1
5	269	1
5	273	1
5	277	1
6	6	1
6	7	1
6	37	1
6	39	1
6	42	1
6	44	1
6	45	1
6	48	1
6	51	1
6	61	1
6	62	1
6	104	1
6	106	1
6	125	1
6	126	1
6	129	1
6	137	1
6	138	1
6	139	1
6	200	1
6	229	1
6	238	1
6	247	1
6	248	1
6	272	1
6	274	1
6	278	1
6	280	1
7	6	1
7	7	1
7	37	1
7	39	1
7	42	1
7	44	1
7	45	1
7	48	1
7	51	1
7	61	1
7	62	1
7	104	1
7	106	1
7	125	1
7	126	1
7	129	1
7	137	1
7	138	1
7	139	1
7	200	1
7	229	1
7	238	1
7	247	1
7	248	1
7	272	1
7	274	1
7	278	1
7	280	1
8	8	1
8	9	1
8	10	1
8	15	1
8	18	1
8	20	1
8	29	1
8	36	1
8	83	1
8	84	1
8	85	1
8	86	1
8	114	1
8	128	1
8	142	1
8	143	1
8	144	1
8	158	1
8	162	1
8	163	1
8	164	1
8	172	1
8	244	1
8	257	1
8	262	1
8	271	1
9	8	1
9	9	1
9	10	1
9	15	1
9	18	1
9	20	1
9	29	1
9	36	1
9	83	1
9	84	1
9	85	1
9	86	1
9	114	1
9	128	1
9	142	1
9	143	1
9	144	1
9	158	1
9	162	1
9	163	1
9	164	1
9	172	1
9	244	1
9	257	1
9	262	1
9	271	1
10	8	1
10	9	1
10	10	1
10	15	1
10	18	1
10	20	1
10	29	1
10	36	1
10	83	1
10	84	1
10	85	1
10	86	1
10	114	1
10	128	1
10	142	1
10	143	1
10	144	1
10	158	1
10	162	1
10	163	1
10	164	1
10	172	1
10	244	1
10	257	1
10	262	1
10	271	1
11	11	1
11	12	1
11	21	1
11	28	1
11	90	1
11	91	1
11	92	1
11	94	1
11	173	1
11	174	1
11	175	1
11	176	1
11	177	1
11	178	1
11	203	1
11	213	1
11	214	1
12	11	1
12	12	1
12	21	1
12	28	1
12	90	1
12	91	1
12	92	1
12	94	1
12	173	1
12	174	1
12	175	1
12	176	1
12	177	1
12	178	1
12	203	1
12	213	1
12	214	1
13	13	1
13	16	1
13	32	1
13	35	1
13	43	1
13	54	1
13	59	1
13	60	1
13	63	1
13	64	1
13	77	1
13	78	1
13	102	1
13	111	1
13	122	1
13	127	1
13	135	1
13	156	1
13	157	1
13	165	1
13	167	1
13	171	1
13	181	1
13	182	1
13	183	1
13	184	1
13	185	1
13	186	1
13	187	1
13	188	1
13	189	1
13	190	1
13	194	1
13	198	1
13	224	1
13	237	1
13	240	1
13	245	1
14	14	1
14	17	1
14	22	1
14	24	1
14	33	1
14	41	1
14	65	1
14	66	1
14	69	1
14	70	1
14	95	1
14	96	1
14	98	1
14	107	1
14	108	1
14	132	1
14	160	1
14	207	1
14	208	1
14	219	1
14	256	1
14	258	1
14	260	1
14	263	1
14	265	1
15	8	1
15	9	1
15	10	1
15	15	1
15	18	1
15	20	1
15	29	1
15	36	1
15	83	1
15	84	1
15	85	1
15	86	1
15	114	1
15	128	1
15	142	1
15	143	1
15	144	1
15	158	1
15	162	1
15	163	1
15	164	1
15	172	1
15	244	1
15	257	1
15	262	1
15	271	1
16	13	1
16	16	1
16	32	1
16	35	1
16	43	1
16	54	1
16	59	1
16	60	1
16	63	1
16	64	1
16	77	1
16	78	1
16	102	1
16	111	1
16	122	1
16	127	1
16	135	1
16	156	1
16	157	1
16	165	1
16	167	1
16	171	1
16	181	1
16	182	1
16	183	1
16	184	1
16	185	1
16	186	1
16	187	1
16	188	1
16	189	1
16	190	1
16	194	1
16	198	1
16	224	1
16	237	1
16	240	1
16	245	1
17	14	1
17	17	1
17	22	1
17	24	1
17	33	1
17	41	1
17	65	1
17	66	1
17	69	1
17	70	1
17	95	1
17	96	1
17	98	1
17	107	1
17	108	1
17	132	1
17	160	1
17	207	1
17	208	1
17	219	1
17	256	1
17	258	1
17	260	1
17	263	1
17	265	1
18	8	1
18	9	1
18	10	1
18	15	1
18	18	1
18	20	1
18	29	1
18	36	1
18	83	1
18	84	1
18	85	1
18	86	1
18	114	1
18	128	1
18	142	1
18	143	1
18	144	1
18	158	1
18	162	1
18	163	1
18	164	1
18	172	1
18	244	1
18	257	1
18	262	1
18	271	1
19	19	1
19	26	1
19	50	1
19	52	1
19	56	1
19	79	1
19	80	1
19	87	1
19	88	1
19	89	1
19	195	1
19	201	1
19	270	1
19	275	1
19	279	1
19	281	1
20	8	1
20	9	1
20	10	1
20	15	1
20	18	1
20	20	1
20	29	1
20	36	1
20	83	1
20	84	1
20	85	1
20	86	1
20	114	1
20	128	1
20	142	1
20	143	1
20	144	1
20	158	1
20	162	1
20	163	1
20	164	1
20	172	1
20	244	1
20	257	1
20	262	1
20	271	1
21	11	1
21	12	1
21	21	1
21	28	1
21	90	1
21	91	1
21	92	1
21	94	1
21	173	1
21	174	1
21	175	1
21	176	1
21	177	1
21	178	1
21	203	1
21	213	1
21	214	1
22	14	1
22	17	1
22	22	1
22	24	1
22	33	1
22	41	1
22	65	1
22	66	1
22	69	1
22	70	1
22	95	1
22	96	1
22	98	1
22	107	1
22	108	1
22	132	1
22	160	1
22	207	1
22	208	1
22	219	1
22	256	1
22	258	1
22	260	1
22	263	1
22	265	1
23	3	1
23	4	1
23	5	1
23	23	1
23	73	1
23	74	1
23	97	1
23	99	1
23	100	1
23	101	1
23	109	1
23	110	1
23	112	1
23	113	1
23	140	1
23	141	1
23	145	1
23	146	1
23	147	1
23	148	1
23	149	1
23	166	1
23	168	1
23	170	1
23	191	1
23	192	1
23	228	1
23	234	1
23	239	1
23	241	1
23	242	1
23	243	1
23	246	1
23	269	1
23	273	1
23	277	1
24	14	1
24	17	1
24	22	1
24	24	1
24	33	1
24	41	1
24	65	1
24	66	1
24	69	1
24	70	1
24	95	1
24	96	1
24	98	1
24	107	1
24	108	1
24	132	1
24	160	1
24	207	1
24	208	1
24	219	1
24	256	1
24	258	1
24	260	1
24	263	1
24	265	1
25	25	1
25	38	1
25	47	1
25	53	1
25	55	1
25	115	1
25	117	1
25	118	1
25	120	1
25	123	1
25	130	1
25	161	1
25	197	1
25	206	1
25	211	1
25	212	1
25	222	1
25	223	1
25	226	1
25	227	1
25	232	1
25	233	1
25	235	1
25	264	1
25	266	1
25	268	1
26	19	1
26	26	1
26	50	1
26	52	1
26	56	1
26	79	1
26	80	1
26	87	1
26	88	1
26	89	1
26	195	1
26	201	1
26	270	1
26	275	1
26	279	1
26	281	1
27	27	1
27	30	1
27	40	1
27	46	1
27	67	1
27	68	1
27	93	1
27	103	1
27	105	1
27	119	1
27	121	1
27	131	1
27	134	1
27	159	1
27	179	1
27	180	1
27	196	1
27	199	1
27	215	1
27	216	1
27	217	1
27	218	1
27	267	1
27	283	1
28	11	1
28	12	1
28	21	1
28	28	1
28	90	1
28	91	1
28	92	1
28	94	1
28	173	1
28	174	1
28	175	1
28	176	1
28	177	1
28	178	1
28	203	1
28	213	1
28	214	1
29	8	1
29	9	1
29	10	1
29	15	1
29	18	1
29	20	1
29	29	1
29	36	1
29	83	1
29	84	1
29	85	1
29	86	1
29	114	1
29	128	1
29	142	1
29	143	1
29	144	1
29	158	1
29	162	1
29	163	1
29	164	1
29	172	1
29	244	1
29	257	1
29	262	1
29	271	1
30	27	1
30	30	1
30	40	1
30	46	1
30	67	1
30	68	1
30	93	1
30	103	1
30	105	1
30	119	1
30	121	1
30	131	1
30	134	1
30	159	1
30	179	1
30	180	1
30	196	1
30	199	1
30	215	1
30	216	1
30	217	1
30	218	1
30	267	1
30	283	1
31	31	1
31	57	1
31	58	1
31	71	1
31	72	1
31	81	1
31	82	1
31	204	1
31	205	1
31	220	1
31	221	1
31	225	1
31	230	1
31	231	1
31	236	1
31	249	1
31	252	1
31	253	1
31	254	1
31	259	1
31	261	1
32	13	1
32	16	1
32	32	1
32	35	1
32	43	1
32	54	1
32	59	1
32	60	1
32	63	1
32	64	1
32	77	1
32	78	1
32	102	1
32	111	1
32	122	1
32	127	1
32	135	1
32	156	1
32	157	1
32	165	1
32	167	1
32	171	1
32	181	1
32	182	1
32	183	1
32	184	1
32	185	1
32	186	1
32	187	1
32	188	1
32	189	1
32	190	1
32	194	1
32	198	1
32	224	1
32	237	1
32	240	1
32	245	1
33	14	1
33	17	1
33	22	1
33	24	1
33	33	1
33	41	1
33	65	1
33	66	1
33	69	1
33	70	1
33	95	1
33	96	1
33	98	1
33	107	1
33	108	1
33	132	1
33	160	1
33	207	1
33	208	1
33	219	1
33	256	1
33	258	1
33	260	1
33	263	1
33	265	1
34	0	1
34	1	1
34	2	1
34	34	1
34	49	1
34	116	1
34	124	1
34	133	1
34	136	1
34	150	1
34	151	1
34	152	1
34	153	1
34	154	1
34	155	1
34	169	1
34	193	1
34	202	1
34	209	1
34	210	1
34	250	1
34	251	1
34	255	1
35	13	1
35	16	1
35	32	1
35	35	1
35	43	1
35	54	1
35	59	1
35	60	1
35	63	1
35	64	1
35	77	1
35	78	1
35	102	1
35	111	1
35	122	1
35	127	1
35	135	1
35	156	1
35	157	1
35	165	1
35	167	1
35	171	1
35	181	1
35	182	1
35	183	1
35	184	1
35	185	1
35	186	1
35	187	1
35	188	1
35	189	1
35	190	1
35	194	1
35	198	1
35	224	1
35	237	1
35	240	1
35	245	1
36	8	1
36	9	1
36	10	1
36	15	1
36	18	1
36	20	1
36	29	1
36	36	1
36	83	1
36	84	1
36	85	1
36	86	1
36	114	1
36	128	1
36	142	1
36	143	1
36	144	1
36	158	1
36	162	1
36	163	1
36	164	1
36	172	1
36	244	1
36	257	1
36	262	1
36	271	1
37	6	1
37	7	1
37	37	1
37	39	1
37	42	1
37	44	1
37	45	1
37	48	1
37	51	1
37	61	1
37	62	1
37	104	1
37	106	1
37	125	1
37	126	1
37	129	1
37	137	1
37	138	1
37	139	1
37	200	1
37	229	1
37	238	1
37	247	1
37	248	1
37	272	1
37	274	1
37	278	1
37	280	1
38	25	1
38	38	1
38	47	1
38	53	1
38	55	1
38	115	1
38	117	1
38	118	1
38	120	1
38	123	1
38	130	1
38	161	1
38	197	1
38	206	1
38	211	1
38	212	1
38	222	1
38	223	1
38	226	1
38	227	1
38	232	1
38	233	1
38	235	1
38	264	1
38	266	1
38	268	1
39	6	1
39	7	1
39	37	1
39	39	1
39	42	1
39	44	1
39	45	1
39	48	1
39	51	1
39	61	1
39	62	1
39	104	1
39	106	1
39	125	1
39	126	1
39	129	1
39	137	1
39	138	1
39	139	1
39	200	1
39	229	1
39	238	1
39	247	1
39	248	1
39	272	1
39	274	1
39	278	1
39	280	1
40	27	1
40	30	1
40	40	1
40	46	1
40	67	1
40	68	1
40	93	1
40	103	1
40	105	1
40	119	1
40	121	1
40	131	1
40	134	1
40	159	1
40	179	1
40	180	1
40	196	1
40	199	1
40	215	1
40	216	1
40	217	1
40	218	1
40	267	1
40	283	1
41	14	1
41	17	1
41	22	1
41	24	1
41	33	1
41	41	1
41	65	1
41	66	1
41	69	1
41	70	1
41	95	1
41	96	1
41	98	1
41	107	1
41	108	1
41	132	1
41	160	1
41	207	1
41	208	1
41	219	1
41	256	1
41	258	1
41	260	1
41	263	1
41	265	1
42	6	1
42	7	1
42	37	1
42	39	1
42	42	1
42	44	1
42	45	1
42	48	1
42	51	1
42	61	1
42	62	1
42	104	1
42	106	1
42	125	1
42	126	1
42	129	1
42	137	1
42	138	1
42	139	1
42	200	1
42	229	1
42	238	1
42	247	1
42	248	1
42	272	1
42	274	1
42	278	1
42	280	1
43	13	1
43	16	1
43	32	1
43	35	1
43	43	1
43	54	1
43	59	1
43	60	1
43	63	1
43	64	1
43	77	1
43	78	1
43	102	1
43	111	1
43	122	1
43	127	1
43	135	1
43	156	1
43	157	1
43	165	1
43	167	1
43	171	1
43	181	1
43	182	1
43	183	1
43	184	1
43	185	1
43	186	1
43	187	1
43	188	1
43	189	1
43	190	1
43	194	1
43	198	1
43	224	1
43	237	1
43	240	1
43	245	1
44	6	1
44	7	1
44	37	1
44	39	1
44	42	1
44	44	1
44	45	1
44	48	1
44	51	1
44	61	1
44	62	1
44	104	1
44	106	1
44	125	1
44	126	1
44	129	1
44	137	1
44	138	1
44	139	1
44	200	1
44	229	1
44	238	1
44	247	1
44	248	1
44	272	1
44	274	1
44	278	1
44	280	1
45	6	1
45	7	1
45	37	1
45	39	1
45	42	1
45	44	1
45	45	1
45	48	1
45	51	1
45	61	1
45	62	1
45	104	1
45	106	1
45	125	1
45	126	1
45	129	1
45	137	1
45	138	1
45	139	1
45	200	1
45	229	1
45	238	1
45	247	1
45	248	1
45	272	1
45	274	1
45	278	1
45	280	1
46	27	1
46	30	1
46	40	1
46	46	1
46	67	1
46	68	1
46	93	1
46	103	1
46	105	1
46	119	1
46	121	1
46	131	1
46	134	1
46	159	1
46	179	1
46	180	1
46	196	1
46	199	1
46	215	1
46	216	1
46	217	1
46	218	1
46	267	1
46	283	1
47	25	1
47	38	1
47	47	1
47	53	1
47	55	1
47	115	1
47	117	1
47	118	1
47	120	1
47	123	1
47	130	1
47	161	1
47	197	1
47	206	1
47	211	1
47	212	1
47	222	1
47	223	1
47	226	1
47	227	1
47	232	1
47	233	1
47	235	1
47	264	1
47	266	1
47	268	1
48	6	1
48	7	1
48	37	1
48	39	1
48	42	1
48	44	1
48	45	1
48	48	1
48	51	1
48	61	1
48	62	1
48	104	1
48	106	1
48	125	1
48	126	1
48	129	1
48	137	1
48	138	1
48	139	1
48	200	1
48	229	1
48	238	1
48	247	1
48	248	1
48	272	1
48	274	1
48	278	1
48	280	1
49	0	1
49	1	1
49	2	1
49	34	1
49	49	1
49	116	1
49	124	1
49	133	1
49	136	1
49	150	1
49	151	1
49	152	1
49	153	1
49	154	1
49	155	1
49	169	1
49	193	1
49	202	1
49	209	1
49	210	1
49	250	1
49	251	1
49	255	1
50	19	1
50	26	1
50	50	1
50	52	1
50	56	1
50	79	1
50	80	1
50	87	1
50	88	1
50	89	1
50	195	1
50	201	1
50	270	1
50	275	1
50	279	1
50	281	1
51	6	1
51	7	1
51	37	1
51	39	1
51	42	1
51	44	1
51	45	1
51	48	1
51	51	1
51	61	1
51	62	1
51	104	1
51	106	1
51	125	1
51	126	1
51	129	1
51	137	1
51	138	1
51	139	1
51	200	1
51	229	1
51	238	1
51	247	1
51	248	1
51	272	1
51	274	1
51	278	1
51	280	1
52	19	1
52	26	1
52	50	1
52	52	1
52	56	1
52	79	1
52	80	1
52	87	1
52	88	1
52	89	1
52	195	1
52	201	1
52	270	1
52	275	1
52	279	1
52	281	1
53	25	1
53	38	1
53	47	1
53	53	1
53	55	1
53	115	1
53	117	1
53	118	1
53	120	1
53	123	1
53	130	1
53	161	1
53	197	1
53	206	1
53	211	1
53	212	1
53	222	1
53	223	1
53	226	1
53	227	1
53	232	1
53	233	1
53	235	1
53	264	1
53	266	1
53	268	1
54	13	1
54	16	1
54	32	1
54	35	1
54	43	1
54	54	1
54	59	1
54	60	1
54	63	1
54	64	1
54	77	1
54	78	1
54	102	1
54	111	1
54	122	1
54	127	1
54	135	1
54	156	1
54	157	1
54	165	1
54	167	1
54	171	1
54	181	1
54	182	1
54	183	1
54	184	1
54	185	1
54	186	1
54	187	1
54	188	1
54	189	1
54	190	1
54	194	1
54	198	1
54	224	1
54	237	1
54	240	1
54	245	1
55	25	1
55	38	1
55	47	1
55	53	1
55	55	1
55	115	1
55	117	1
55	118	1
55	120	1
55	123	1
55	130	1
55	161	1
55	197	1
55	206	1
55	211	1
55	212	1
55	222	1
55	223	1
55	226	1
55	227	1
55	232	1
55	233	1
55	235	1
55	264	1
55	266	1
55	268	1
56	19	1
56	26	1
56	50	1
56	52	1
56	56	1
56	79	1
56	80	1
56	87	1
56	88	1
56	89	1
56	195	1
56	201	1
56	270	1
56	275	1
56	279	1
56	281	1
57	31	1
57	57	1
57	58	1
57	71	1
57	72	1
57	81	1
57	82	1
57	204	1
57	205	1
57	220	1
57	221	1
57	225	1
57	230	1
57	231	1
57	236	1
57	249	1
57	252	1
57	253	1
57	254	1
57	259	1
57	261	1
58	31	1
58	57	1
58	58	1
58	71	1
58	72	1
58	81	1
58	82	1
58	204	1
58	205	1
58	220	1
58	221	1
58	225	1
58	230	1
58	231	1
58	236	1
58	249	1
58	252	1
58	253	1
58	254	1
58	259	1
58	261	1
59	13	1
59	16	1
59	32	1
59	35	1
59	43	1
59	54	1
59	59	1
59	60	1
59	63	1
59	64	1
59	77	1
59	78	1
59	102	1
59	111	1
59	122	1
59	127	1
59	135	1
59	156	1
59	157	1
59	165	1
59	167	1
59	171	1
59	181	1
59	182	1
59	183	1
59	184	1
59	185	1
59	186	1
59	187	1
59	188	1
59	189	1
59	190	1
59	194	1
59	198	1
59	224	1
59	237	1
59	240	1
59	245	1
60	13	1
60	16	1
60	32	1
60	35	1
60	43	1
60	54	1
60	59	1
60	60	1
60	63	1
60	64	1
60	77	1
60	78	1
60	102	1
60	111	1
60	122	1
60	127	1
60	135	1
60	156	1
60	157	1
60	165	1
60	167	1
60	171	1
60	181	1
60	182	1
60	183	1
60	184	1
60	185	1
60	186	1
60	187	1
60	188	1
60	189	1
60	190	1
60	194	1
60	198	1
60	224	1
60	237	1
60	240	1
60	245	1
61	6	1
61	7	1
61	37	1
61	39	1
61	42	1
61	44	1
61	45	1
61	48	1
61	51	1
61	61	1
61	62	1
61	104	1
61	106	1
61	125	1
61	126	1
61	129	1
61	137	1
61	138	1
61	139	1
61	200	1
61	229	1
61	238	1
61	247	1
61	248	1
61	272	1
61	274	1
61	278	1
61	280	1
62	6	1
62	7	1
62	37	1
62	39	1
62	42	1
62	44	1
62	45	1
62	48	1
62	51	1
62	61	1
62	62	1
62	104	1
62	106	1
62	125	1
62	126	1
62	129	1
62	137	1
62	138	1
62	139	1
62	200	1
62	229	1
62	238	1
62	247	1
62	248	1
62	272	1
62	274	1
62	278	1
62	280	1
63	13	1
63	16	1
63	32	1
63	35	1
63	43	1
63	54	1
63	59	1
63	60	1
63	63	1
63	64	1
63	77	1
63	78	1
63	102	1
63	111	1
63	122	1
63	127	1
63	135	1
63	156	1
63	157	1
63	165	1
63	167	1
63	171	1
63	181	1
63	182	1
63	183	1
63	184	1
63	185	1
63	186	1
63	187	1
63	188	1
63	189	1
63	190	1
63	194	1
63	198	1
63	224	1
63	237	1
63	240	1
63	245	1
64	13	1
64	16	1
64	32	1
64	35	1
64	43	1
64	54	1
64	59	1
64	60	1
64	63	1
64	64	1
64	77	1
64	78	1
64	102	1
64	111	1
64	122	1
64	127	1
64	135	1
64	156	1
64	157	1
64	165	1
64	167	1
64	171	1
64	181	1
64	182	1
64	183	1
64	184	1
64	185	1
64	186	1
64	187	1
64	188	1
64	189	1
64	190	1
64	194	1
64	198	1
64	224	1
64	237	1
64	240	1
64	245	1
65	14	1
65	17	1
65	22	1
65	24	1
65	33	1
65	41	1
65	65	1
65	66	1
65	69	1
65	70	1
65	95	1
65	96	1
65	98	1
65	107	1
65	108	1
65	132	1
65	160	1
65	207	1
65	208	1
65	219	1
65	256	1
65	258	1
65	260	1
65	263	1
65	265	1
66	14	1
66	17	1
66	22	1
66	24	1
66	33	1
66	41	1
66	65	1
66	66	1
66	69	1
66	70	1
66	95	1
66	96	1
66	98	1
66	107	1
66	108	1
66	132	1
66	160	1
66	207	1
66	208	1
66	219	1
66	256	1
66	258	1
66	260	1
66	263	1
66	265	1
67	27	1
67	30	1
67	40	1
67	46	1
67	67	1
67	68	1
67	93	1
67	103	1
67	105	1
67	119	1
67	121	1
67	131	1
67	134	1
67	159	1
67	179	1
67	180	1
67	196	1
67	199	1
67	215	1
67	216	1
67	217	1
67	218	1
67	267	1
67	283	1
68	27	1
68	30	1
68	40	1
68	46	1
68	67	1
68	68	1
68	93	1
68	103	1
68	105	1
68	119	1
68	121	1
68	131	1
68	134	1
68	159	1
68	179	1
68	180	1
68	196	1
68	199	1
68	215	1
68	216	1
68	217	1
68	218	1
68	267	1
68	283	1
69	14	1
69	17	1
69	22	1
69	24	1
69	33	1
69	41	1
69	65	1
69	66	1
69	69	1
69	70	1
69	95	1
69	96	1
69	98	1
69	107	1
69	108	1
69	132	1
69	160	1
69	207	1
69	208	1
69	219	1
69	256	1
69	258	1
69	260	1
69	263	1
69	265	1
70	14	1
70	17	1
70	22	1
70	24	1
70	33	1
70	41	1
70	65	1
70	66	1
70	69	1
70	70	1
70	95	1
70	96	1
70	98	1
70	107	1
70	108	1
70	132	1
70	160	1
70	207	1
70	208	1
70	219	1
70	256	1
70	258	1
70	260	1
70	263	1
70	265	1
71	31	1
71	57	1
71	58	1
71	71	1
71	72	1
71	81	1
71	82	1
71	204	1
71	205	1
71	220	1
71	221	1
71	225	1
71	230	1
71	231	1
71	236	1
71	249	1
71	252	1
71	253	1
71	254	1
71	259	1
71	261	1
72	31	1
72	57	1
72	58	1
72	71	1
72	72	1
72	81	1
72	82	1
72	204	1
72	205	1
72	220	1
72	221	1
72	225	1
72	230	1
72	231	1
72	236	1
72	249	1
72	252	1
72	253	1
72	254	1
72	259	1
72	261	1
73	3	1
73	4	1
73	5	1
73	23	1
73	73	1
73	74	1
73	97	1
73	99	1
73	100	1
73	101	1
73	109	1
73	110	1
73	112	1
73	113	1
73	140	1
73	141	1
73	145	1
73	146	1
73	147	1
73	148	1
73	149	1
73	166	1
73	168	1
73	170	1
73	191	1
73	192	1
73	228	1
73	234	1
73	239	1
73	241	1
73	242	1
73	243	1
73	246	1
73	269	1
73	273	1
73	277	1
74	3	1
74	4	1
74	5	1
74	23	1
74	73	1
74	74	1
74	97	1
74	99	1
74	100	1
74	101	1
74	109	1
74	110	1
74	112	1
74	113	1
74	140	1
74	141	1
74	145	1
74	146	1
74	147	1
74	148	1
74	149	1
74	166	1
74	168	1
74	170	1
74	191	1
74	192	1
74	228	1
74	234	1
74	239	1
74	241	1
74	242	1
74	243	1
74	246	1
74	269	1
74	273	1
74	277	1
75	75	1
75	76	1
75	276	1
75	282	1
76	75	1
76	76	1
76	276	1
76	282	1
77	13	1
77	16	1
77	32	1
77	35	1
77	43	1
77	54	1
77	59	1
77	60	1
77	63	1
77	64	1
77	77	1
77	78	1
77	102	1
77	111	1
77	122	1
77	127	1
77	135	1
77	156	1
77	157	1
77	165	1
77	167	1
77	171	1
77	181	1
77	182	1
77	183	1
77	184	1
77	185	1
77	186	1
77	187	1
77	188	1
77	189	1
77	190	1
77	194	1
77	198	1
77	224	1
77	237	1
77	240	1
77	245	1
78	13	1
78	16	1
78	32	1
78	35	1
78	43	1
78	54	1
78	59	1
78	60	1
78	63	1
78	64	1
78	77	1
78	78	1
78	102	1
78	111	1
78	122	1
78	127	1
78	135	1
78	156	1
78	157	1
78	165	1
78	167	1
78	171	1
78	181	1
78	182	1
78	183	1
78	184	1
78	185	1
78	186	1
78	187	1
78	188	1
78	189	1
78	190	1
78	194	1
78	198	1
78	224	1
78	237	1
78	240	1
78	245	1
79	19	1
79	26	1
79	50	1
79	52	1
79	56	1
79	79	1
79	80	1
79	87	1
79	88	1
79	89	1
79	195	1
79	201	1
79	270	1
79	275	1
79	279	1
79	281	1
80	19	1
80	26	1
80	50	1
80	52	1
80	56	1
80	79	1
80	80	1
80	87	1
80	88	1
80	89	1
80	195	1
80	201	1
80	270	1
80	275	1
80	279	1
80	281	1
81	31	1
81	57	1
81	58	1
81	71	1
81	72	1
81	81	1
81	82	1
81	204	1
81	205	1
81	220	1
81	221	1
81	225	1
81	230	1
81	231	1
81	236	1
81	249	1
81	252	1
81	253	1
81	254	1
81	259	1
81	261	1
82	31	1
82	57	1
82	58	1
82	71	1
82	72	1
82	81	1
82	82	1
82	204	1
82	205	1
82	220	1
82	221	1
82	225	1
82	230	1
82	231	1
82	236	1
82	249	1
82	252	1
82	253	1
82	254	1
82	259	1
82	261	1
83	8	1
83	9	1
83	10	1
83	15	1
83	18	1
83	20	1
83	29	1
83	36	1
83	83	1
83	84	1
83	85	1
83	86	1
83	114	1
83	128	1
83	142	1
83	143	1
83	144	1
83	158	1
83	162	1
83	163	1
83	164	1
83	172	1
83	244	1
83	257	1
83	262	1
83	271	1
84	8	1
84	9	1
84	10	1
84	15	1
84	18	1
84	20	1
84	29	1
84	36	1
84	83	1
84	84	1
84	85	1
84	86	1
84	114	1
84	128	1
84	142	1
84	143	1
84	144	1
84	158	1
84	162	1
84	163	1
84	164	1
84	172	1
84	244	1
84	257	1
84	262	1
84	271	1
85	8	1
85	9	1
85	10	1
85	15	1
85	18	1
85	20	1
85	29	1
85	36	1
85	83	1
85	84	1
85	85	1
85	86	1
85	114	1
85	128	1
85	142	1
85	143	1
85	144	1
85	158	1
85	162	1
85	163	1
85	164	1
85	172	1
85	244	1
85	257	1
85	262	1
85	271	1
86	8	1
86	9	1
86	10	1
86	15	1
86	18	1
86	20	1
86	29	1
86	36	1
86	83	1
86	84	1
86	85	1
86	86	1
86	114	1
86	128	1
86	142	1
86	143	1
86	144	1
86	158	1
86	162	1
86	163	1
86	164	1
86	172	1
86	244	1
86	257	1
86	262	1
86	271	1
87	19	1
87	26	1
87	50	1
87	52	1
87	56	1
87	79	1
87	80	1
87	87	1
87	88	1
87	89	1
87	195	1
87	201	1
87	270	1
87	275	1
87	279	1
87	281	1
88	19	1
88	26	1
88	50	1
88	52	1
88	56	1
88	79	1
88	80	1
88	87	1
88	88	1
88	89	1
88	195	1
88	201	1
88	270	1
88	275	1
88	279	1
88	281	1
89	19	1
89	26	1
89	50	1
89	52	1
89	56	1
89	79	1
89	80	1
89	87	1
89	88	1
89	89	1
89	195	1
89	201	1
89	270	1
89	275	1
89	279	1
89	281	1
90	11	1
90	12	1
90	21	1
90	28	1
90	90	1
90	91	1
90	92	1
90	94	1
90	173	1
90	174	1
90	175	1
90	176	1
90	177	1
90	178	1
90	203	1
90	213	1
90	214	1
91	11	1
91	12	1
91	21	1
91	28	1
91	90	1
91	91	1
91	92	1
91	94	1
91	173	1
91	174	1
91	175	1
91	176	1
91	177	1
91	178	1
91	203	1
91	213	1
91	214	1
92	11	1
92	12	1
92	21	1
92	28	1
92	90	1
92	91	1
92	92	1
92	94	1
92	173	1
92	174	1
92	175	1
92	176	1
92	177	1
92	178	1
92	203	1
92	213	1
92	214	1
93	27	1
93	30	1
93	40	1
93	46	1
93	67	1
93	68	1
93	93	1
93	103	1
93	105	1
93	119	1
93	121	1
93	131	1
93	134	1
93	159	1
93	179	1
93	180	1
93	196	1
93	199	1
93	215	1
93	216	1
93	217	1
93	218	1
93	267	1
93	283	1
94	11	1
94	12	1
94	21	1
94	28	1
94	90	1
94	91	1
94	92	1
94	94	1
94	173	1
94	174	1
94	175	1
94	176	1
94	177	1
94	178	1
94	203	1
94	213	1
94	214	1
95	14	1
95	17	1
95	22	1
95	24	1
95	33	1
95	41	1
95	65	1
95	66	1
95	69	1
95	70	1
95	95	1
95	96	1
95	98	1
95	107	1
95	108	1
95	132	1
95	160	1
95	207	1
95	208	1
95	219	1
95	256	1
95	258	1
95	260	1
95	263	1
95	265	1
96	14	1
96	17	1
96	22	1
96	24	1
96	33	1
96	41	1
96	65	1
96	66	1
96	69	1
96	70	1
96	95	1
96	96	1
96	98	1
96	107	1
96	108	1
96	132	1
96	160	1
96	207	1
96	208	1
96	219	1
96	256	1
96	258	1
96	260	1
96	263	1
96	265	1
97	3	1
97	4	1
97	5	1
97	23	1
97	73	1
97	74	1
97	97	1
97	99	1
97	100	1
97	101	1
97	109	1
97	110	1
97	112	1
97	113	1
97	140	1
97	141	1
97	145	1
97	146	1
97	147	1
97	148	1
97	149	1
97	166	1
97	168	1
97	170	1
97	191	1
97	192	1
97	228	1
97	234	1
97	239	1
97	241	1
97	242	1
97	243	1
97	246	1
97	269	1
97	273	1
97	277	1
98	14	1
98	17	1
98	22	1
98	24	1
98	33	1
98	41	1
98	65	1
98	66	1
98	69	1
98	70	1
98	95	1
98	96	1
98	98	1
98	107	1
98	108	1
98	132	1
98	160	1
98	207	1
98	208	1
98	219	1
98	256	1
98	258	1
98	260	1
98	263	1
98	265	1
99	3	1
99	4	1
99	5	1
99	23	1
99	73	1
99	74	1
99	97	1
99	99	1
99	100	1
99	101	1
99	109	1
99	110	1
99	112	1
99	113	1
99	140	1
99	141	1
99	145	1
99	146	1
99	147	1
99	148	1
99	149	1
99	166	1
99	168	1
99	170	1
99	191	1
99	192	1
99	228	1
99	234	1
99	239	1
99	241	1
99	242	1
99	243	1
99	246	1
99	269	1
99	273	1
99	277	1
100	3	1
100	4	1
100	5	1
100	23	1
100	73	1
100	74	1
100	97	1
100	99	1
100	100	1
100	101	1
100	109	1
100	110	1
100	112	1
100	113	1
100	140	1
100	141	1
100	145	1
100	146	1
100	147	1
100	148	1
100	149	1
100	166	1
100	168	1
100	170	1
100	191	1
100	192	1
100	228	1
100	234	1
100	239	1
100	241	1
100	242	1
100	243	1
100	246	1
100	269	1
100	273	1
100	277	1
101	3	1
101	4	1
101	5	1
101	23	1
101	73	1
101	74	1
101	97	1
101	99	1
101	100	1
101	101	1
101	109	1
101	110	1
101	112	1
101	113	1
101	140	1
101	141	1
101	145	1
101	146	1
101	147	1
101	148	1
101	149	1
101	166	1
101	168	1
101	170	1
101	191	1
101	192	1
101	228	1
101	234	1
101	239	1
101	241	1
101	242	1
101	243	1
101	246	1
101	269	1
101	273	1
101	277	1
102	13	1
102	16	1
102	32	1
102	35	1
102	43	1
102	54	1
102	59	1
102	60	1
102	63	1
102	64	1
102	77	1
102	78	1
102	102	1
102	111	1
102	122	1
102	127	1
102	135	1
102	156	1
102	157	1
102	165	1
102	167	1
102	171	1
102	181	1
102	182	1
102	183	1
102	184	1
102	185	1
102	186	1
102	187	1
102	188	1
102	189	1
102	190	1
102	194	1
102	198	1
102	224	1
102	237	1
102	240	1
102	245	1
103	27	1
103	30	1
103	40	1
103	46	1
103	67	1
103	68	1
103	93	1
103	103	1
103	105	1
103	119	1
103	121	1
103	131	1
103	134	1
103	159	1
103	179	1
103	180	1
103	196	1
103	199	1
103	215	1
103	216	1
103	217	1
103	218	1
103	267	1
103	283	1
104	6	1
104	7	1
104	37	1
104	39	1
104	42	1
104	44	1
104	45	1
104	48	1
104	51	1
104	61	1
104	62	1
104	104	1
104	106	1
104	125	1
104	126	1
104	129	1
104	137	1
104	138	1
104	139	1
104	200	1
104	229	1
104	238	1
104	247	1
104	248	1
104	272	1
104	274	1
104	278	1
104	280	1
105	27	1
105	30	1
105	40	1
105	46	1
105	67	1
105	68	1
105	93	1
105	103	1
105	105	1
105	119	1
105	121	1
105	131	1
105	134	1
105	159	1
105	179	1
105	180	1
105	196	1
105	199	1
105	215	1
105	216	1
105	217	1
105	218	1
105	267	1
105	283	1
106	6	1
106	7	1
106	37	1
106	39	1
106	42	1
106	44	1
106	45	1
106	48	1
106	51	1
106	61	1
106	62	1
106	104	1
106	106	1
106	125	1
106	126	1
106	129	1
106	137	1
106	138	1
106	139	1
106	200	1
106	229	1
106	238	1
106	247	1
106	248	1
106	272	1
106	274	1
106	278	1
106	280	1
107	14	1
107	17	1
107	22	1
107	24	1
107	33	1
107	41	1
107	65	1
107	66	1
107	69	1
107	70	1
107	95	1
107	96	1
107	98	1
107	107	1
107	108	1
107	132	1
107	160	1
107	207	1
107	208	1
107	219	1
107	256	1
107	258	1
107	260	1
107	263	1
107	265	1
108	14	1
108	17	1
108	22	1
108	24	1
108	33	1
108	41	1
108	65	1
108	66	1
108	69	1
108	70	1
108	95	1
108	96	1
108	98	1
108	107	1
108	108	1
108	132	1
108	160	1
108	207	1
108	208	1
108	219	1
108	256	1
108	258	1
108	260	1
108	263	1
108	265	1
109	3	1
109	4	1
109	5	1
109	23	1
109	73	1
109	74	1
109	97	1
109	99	1
109	100	1
109	101	1
109	109	1
109	110	1
109	112	1
109	113	1
109	140	1
109	141	1
109	145	1
109	146	1
109	147	1
109	148	1
109	149	1
109	166	1
109	168	1
109	170	1
109	191	1
109	192	1
109	228	1
109	234	1
109	239	1
109	241	1
109	242	1
109	243	1
109	246	1
109	269	1
109	273	1
109	277	1
110	3	1
110	4	1
110	5	1
110	23	1
110	73	1
110	74	1
110	97	1
110	99	1
110	100	1
110	101	1
110	109	1
110	110	1
110	112	1
110	113	1
110	140	1
110	141	1
110	145	1
110	146	1
110	147	1
110	148	1
110	149	1
110	166	1
110	168	1
110	170	1
110	191	1
110	192	1
110	228	1
110	234	1
110	239	1
110	241	1
110	242	1
110	243	1
110	246	1
110	269	1
110	273	1
110	277	1
111	13	1
111	16	1
111	32	1
111	35	1
111	43	1
111	54	1
111	59	1
111	60	1
111	63	1
111	64	1
111	77	1
111	78	1
111	102	1
111	111	1
111	122	1
111	127	1
111	135	1
111	156	1
111	157	1
111	165	1
111	167	1
111	171	1
111	181	1
111	182	1
111	183	1
111	184	1
111	185	1
111	186	1
111	187	1
111	188	1
111	189	1
111	190	1
111	194	1
111	198	1
111	224	1
111	237	1
111	240	1
111	245	1
112	3	1
112	4	1
112	5	1
112	23	1
112	73	1
112	74	1
112	97	1
112	99	1
112	100	1
112	101	1
112	109	1
112	110	1
112	112	1
112	113	1
112	140	1
112	141	1
112	145	1
112	146	1
112	147	1
112	148	1
112	149	1
112	166	1
112	168	1
112	170	1
112	191	1
112	192	1
112	228	1
112	234	1
112	239	1
112	241	1
112	242	1
112	243	1
112	246	1
112	269	1
112	273	1
112	277	1
113	3	1
113	4	1
113	5	1
113	23	1
113	73	1
113	74	1
113	97	1
113	99	1
113	100	1
113	101	1
113	109	1
113	110	1
113	112	1
113	113	1
113	140	1
113	141	1
113	145	1
113	146	1
113	147	1
113	148	1
113	149	1
113	166	1
113	168	1
113	170	1
113	191	1
113	192	1
113	228	1
113	234	1
113	239	1
113	241	1
113	242	1
113	243	1
113	246	1
113	269	1
113	273	1
113	277	1
114	8	1
114	9	1
114	10	1
114	15	1
114	18	1
114	20	1
114	29	1
114	36	1
114	83	1
114	84	1
114	85	1
114	86	1
114	114	1
114	128	1
114	142	1
114	143	1
114	144	1
114	158	1
114	162	1
114	163	1
114	164	1
114	172	1
114	244	1
114	257	1
114	262	1
114	271	1
115	25	1
115	38	1
115	47	1
115	53	1
115	55	1
115	115	1
115	117	1
115	118	1
115	120	1
115	123	1
115	130	1
115	161	1
115	197	1
115	206	1
115	211	1
115	212	1
115	222	1
115	223	1
115	226	1
115	227	1
115	232	1
115	233	1
115	235	1
115	264	1
115	266	1
115	268	1
116	0	1
116	1	1
116	2	1
116	34	1
116	49	1
116	116	1
116	124	1
116	133	1
116	136	1
116	150	1
116	151	1
116	152	1
116	153	1
116	154	1
116	155	1
116	169	1
116	193	1
116	202	1
116	209	1
116	210	1
116	250	1
116	251	1
116	255	1
117	25	1
117	38	1
117	47	1
117	53	1
117	55	1
117	115	1
117	117	1
117	118	1
117	120	1
117	123	1
117	130	1
117	161	1
117	197	1
117	206	1
117	211	1
117	212	1
117	222	1
117	223	1
117	226	1
117	227	1
117	232	1
117	233	1
117	235	1
117	264	1
117	266	1
117	268	1
118	25	1
118	38	1
118	47	1
118	53	1
118	55	1
118	115	1
118	117	1
118	118	1
118	120	1
118	123	1
118	130	1
118	161	1
118	197	1
118	206	1
118	211	1
118	212	1
118	222	1
118	223	1
118	226	1
118	227	1
118	232	1
118	233	1
118	235	1
118	264	1
118	266	1
118	268	1
119	27	1
119	30	1
119	40	1
119	46	1
119	67	1
119	68	1
119	93	1
119	103	1
119	105	1
119	119	1
119	121	1
119	131	1
119	134	1
119	159	1
119	179	1
119	180	1
119	196	1
119	199	1
119	215	1
119	216	1
119	217	1
119	218	1
119	267	1
119	283	1
120	25	1
120	38	1
120	47	1
120	53	1
120	55	1
120	115	1
120	117	1
120	118	1
120	120	1
120	123	1
120	130	1
120	161	1
120	197	1
120	206	1
120	211	1
120	212	1
120	222	1
120	223	1
120	226	1
120	227	1
120	232	1
120	233	1
120	235	1
120	264	1
120	266	1
120	268	1
121	27	1
121	30	1
121	40	1
121	46	1
121	67	1
121	68	1
121	93	1
121	103	1
121	105	1
121	119	1
121	121	1
121	131	1
121	134	1
121	159	1
121	179	1
121	180	1
121	196	1
121	199	1
121	215	1
121	216	1
121	217	1
121	218	1
121	267	1
121	283	1
122	13	1
122	16	1
122	32	1
122	35	1
122	43	1
122	54	1
122	59	1
122	60	1
122	63	1
122	64	1
122	77	1
122	78	1
122	102	1
122	111	1
122	122	1
122	127	1
122	135	1
122	156	1
122	157	1
122	165	1
122	167	1
122	171	1
122	181	1
122	182	1
122	183	1
122	184	1
122	185	1
122	186	1
122	187	1
122	188	1
122	189	1
122	190	1
122	194	1
122	198	1
122	224	1
122	237	1
122	240	1
122	245	1
123	25	1
123	38	1
123	47	1
123	53	1
123	55	1
123	115	1
123	117	1
123	118	1
123	120	1
123	123	1
123	130	1
123	161	1
123	197	1
123	206	1
123	211	1
123	212	1
123	222	1
123	223	1
123	226	1
123	227	1
123	232	1
123	233	1
123	235	1
123	264	1
123	266	1
123	268	1
124	0	1
124	1	1
124	2	1
124	34	1
124	49	1
124	116	1
124	124	1
124	133	1
124	136	1
124	150	1
124	151	1
124	152	1
124	153	1
124	154	1
124	155	1
124	169	1
124	193	1
124	202	1
124	209	1
124	210	1
124	250	1
124	251	1
124	255	1
125	6	1
125	7	1
125	37	1
125	39	1
125	42	1
125	44	1
125	45	1
125	48	1
125	51	1
125	61	1
125	62	1
125	104	1
125	106	1
125	125	1
125	126	1
125	129	1
125	137	1
125	138	1
125	139	1
125	200	1
125	229	1
125	238	1
125	247	1
125	248	1
125	272	1
125	274	1
125	278	1
125	280	1
126	6	1
126	7	1
126	37	1
126	39	1
126	42	1
126	44	1
126	45	1
126	48	1
126	51	1
126	61	1
126	62	1
126	104	1
126	106	1
126	125	1
126	126	1
126	129	1
126	137	1
126	138	1
126	139	1
126	200	1
126	229	1
126	238	1
126	247	1
126	248	1
126	272	1
126	274	1
126	278	1
126	280	1
127	13	1
127	16	1
127	32	1
127	35	1
127	43	1
127	54	1
127	59	1
127	60	1
127	63	1
127	64	1
127	77	1
127	78	1
127	102	1
127	111	1
127	122	1
127	127	1
127	135	1
127	156	1
127	157	1
127	165	1
127	167	1
127	171	1
127	181	1
127	182	1
127	183	1
127	184	1
127	185	1
127	186	1
127	187	1
127	188	1
127	189	1
127	190	1
127	194	1
127	198	1
127	224	1
127	237	1
127	240	1
127	245	1
128	8	1
128	9	1
128	10	1
128	15	1
128	18	1
128	20	1
128	29	1
128	36	1
128	83	1
128	84	1
128	85	1
128	86	1
128	114	1
128	128	1
128	142	1
128	143	1
128	144	1
128	158	1
128	162	1
128	163	1
128	164	1
128	172	1
128	244	1
128	257	1
128	262	1
128	271	1
129	6	1
129	7	1
129	37	1
129	39	1
129	42	1
129	44	1
129	45	1
129	48	1
129	51	1
129	61	1
129	62	1
129	104	1
129	106	1
129	125	1
129	126	1
129	129	1
129	137	1
129	138	1
129	139	1
129	200	1
129	229	1
129	238	1
129	247	1
129	248	1
129	272	1
129	274	1
129	278	1
129	280	1
130	25	1
130	38	1
130	47	1
130	53	1
130	55	1
130	115	1
130	117	1
130	118	1
130	120	1
130	123	1
130	130	1
130	161	1
130	197	1
130	206	1
130	211	1
130	212	1
130	222	1
130	223	1
130	226	1
130	227	1
130	232	1
130	233	1
130	235	1
130	264	1
130	266	1
130	268	1
131	27	1
131	30	1
131	40	1
131	46	1
131	67	1
131	68	1
131	93	1
131	103	1
131	105	1
131	119	1
131	121	1
131	131	1
131	134	1
131	159	1
131	179	1
131	180	1
131	196	1
131	199	1
131	215	1
131	216	1
131	217	1
131	218	1
131	267	1
131	283	1
132	14	1
132	17	1
132	22	1
132	24	1
132	33	1
132	41	1
132	65	1
132	66	1
132	69	1
132	70	1
132	95	1
132	96	1
132	98	1
132	107	1
132	108	1
132	132	1
132	160	1
132	207	1
132	208	1
132	219	1
132	256	1
132	258	1
132	260	1
132	263	1
132	265	1
133	0	1
133	1	1
133	2	1
133	34	1
133	49	1
133	116	1
133	124	1
133	133	1
133	136	1
133	150	1
133	151	1
133	152	1
133	153	1
133	154	1
133	155	1
133	169	1
133	193	1
133	202	1
133	209	1
133	210	1
133	250	1
133	251	1
133	255	1
134	27	1
134	30	1
134	40	1
134	46	1
134	67	1
134	68	1
134	93	1
134	103	1
134	105	1
134	119	1
134	121	1
134	131	1
134	134	1
134	159	1
134	179	1
134	180	1
134	196	1
134	199	1
134	215	1
134	216	1
134	217	1
134	218	1
134	267	1
134	283	1
135	13	1
135	16	1
135	32	1
135	35	1
135	43	1
135	54	1
135	59	1
135	60	1
135	63	1
135	64	1
135	77	1
135	78	1
135	102	1
135	111	1
135	122	1
135	127	1
135	135	1
135	156	1
135	157	1
135	165	1
135	167	1
135	171	1
135	181	1
135	182	1
135	183	1
135	184	1
135	185	1
135	186	1
135	187	1
135	188	1
135	189	1
135	190	1
135	194	1
135	198	1
135	224	1
135	237	1
135	240	1
135	245	1
136	0	1
136	1	1
136	2	1
136	34	1
136	49	1
136	116	1
136	124	1
136	133	1
136	136	1
136	150	1
136	151	1
136	152	1
136	153	1
136	154	1
136	155	1
136	169	1
136	193	1
136	202	1
136	209	1
136	210	1
136	250	1
136	251	1
136	255	1
137	6	1
137	7	1
137	37	1
137	39	1
137	42	1
137	44	1
137	45	1
137	48	1
137	51	1
137	61	1
137	62	1
137	104	1
137	106	1
137	125	1
137	126	1
137	129	1
137	137	1
137	138	1
137	139	1
137	200	1
137	229	1
137	238	1
137	247	1
137	248	1
137	272	1
137	274	1
137	278	1
137	280	1
138	6	1
138	7	1
138	37	1
138	39	1
138	42	1
138	44	1
138	45	1
138	48	1
138	51	1
138	61	1
138	62	1
138	104	1
138	106	1
138	125	1
138	126	1
138	129	1
138	137	1
138	138	1
138	139	1
138	200	1
138	229	1
138	238	1
138	247	1
138	248	1
138	272	1
138	274	1
138	278	1
138	280	1
139	6	1
139	7	1
139	37	1
139	39	1
139	42	1
139	44	1
139	45	1
139	48	1
139	51	1
139	61	1
139	62	1
139	104	1
139	106	1
139	125	1
139	126	1
139	129	1
139	137	1
139	138	1
139	139	1
139	200	1
139	229	1
139	238	1
139	247	1
139	248	1
139	272	1
139	274	1
139	278	1
139	280	1
140	3	1
140	4	1
140	5	1
140	23	1
140	73	1
140	74	1
140	97	1
140	99	1
140	100	1
140	101	1
140	109	1
140	110	1
140	112	1
140	113	1
140	140	1
140	141	1
140	145	1
140	146	1
140	147	1
140	148	1
140	149	1
140	166	1
140	168	1
140	170	1
140	191	1
140	192	1
140	228	1
140	234	1
140	239	1
140	241	1
140	242	1
140	243	1
140	246	1
140	269	1
140	273	1
140	277	1
141	3	1
141	4	1
141	5	1
141	23	1
141	73	1
141	74	1
141	97	1
141	99	1
141	100	1
141	101	1
141	109	1
141	110	1
141	112	1
141	113	1
141	140	1
141	141	1
141	145	1
141	146	1
141	147	1
141	148	1
141	149	1
141	166	1
141	168	1
141	170	1
141	191	1
141	192	1
141	228	1
141	234	1
141	239	1
141	241	1
141	242	1
141	243	1
141	246	1
141	269	1
141	273	1
141	277	1
142	8	1
142	9	1
142	10	1
142	15	1
142	18	1
142	20	1
142	29	1
142	36	1
142	83	1
142	84	1
142	85	1
142	86	1
142	114	1
142	128	1
142	142	1
142	143	1
142	144	1
142	158	1
142	162	1
142	163	1
142	164	1
142	172	1
142	244	1
142	257	1
142	262	1
142	271	1
143	8	1
143	9	1
143	10	1
143	15	1
143	18	1
143	20	1
143	29	1
143	36	1
143	83	1
143	84	1
143	85	1
143	86	1
143	114	1
143	128	1
143	142	1
143	143	1
143	144	1
143	158	1
143	162	1
143	163	1
143	164	1
143	172	1
143	244	1
143	257	1
143	262	1
143	271	1
144	8	1
144	9	1
144	10	1
144	15	1
144	18	1
144	20	1
144	29	1
144	36	1
144	83	1
144	84	1
144	85	1
144	86	1
144	114	1
144	128	1
144	142	1
144	143	1
144	144	1
144	158	1
144	162	1
144	163	1
144	164	1
144	172	1
144	244	1
144	257	1
144	262	1
144	271	1
145	3	1
145	4	1
145	5	1
145	23	1
145	73	1
145	74	1
145	97	1
145	99	1
145	100	1
145	101	1
145	109	1
145	110	1
145	112	1
145	113	1
145	140	1
145	141	1
145	145	1
145	146	1
145	147	1
145	148	1
145	149	1
145	166	1
145	168	1
145	170	1
145	191	1
145	192	1
145	228	1
145	234	1
145	239	1
145	241	1
145	242	1
145	243	1
145	246	1
145	269	1
145	273	1
145	277	1
146	3	1
146	4	1
146	5	1
146	23	1
146	73	1
146	74	1
146	97	1
146	99	1
146	100	1
146	101	1
146	109	1
146	110	1
146	112	1
146	113	1
146	140	1
146	141	1
146	145	1
146	146	1
146	147	1
146	148	1
146	149	1
146	166	1
146	168	1
146	170	1
146	191	1
146	192	1
146	228	1
146	234	1
146	239	1
146	241	1
146	242	1
146	243	1
146	246	1
146	269	1
146	273	1
146	277	1
147	3	1
147	4	1
147	5	1
147	23	1
147	73	1
147	74	1
147	97	1
147	99	1
147	100	1
147	101	1
147	109	1
147	110	1
147	112	1
147	113	1
147	140	1
147	141	1
147	145	1
147	146	1
147	147	1
147	148	1
147	149	1
147	166	1
147	168	1
147	170	1
147	191	1
147	192	1
147	228	1
147	234	1
147	239	1
147	241	1
147	242	1
147	243	1
147	246	1
147	269	1
147	273	1
147	277	1
148	3	1
148	4	1
148	5	1
148	23	1
148	73	1
148	74	1
148	97	1
148	99	1
148	100	1
148	101	1
148	109	1
148	110	1
148	112	1
148	113	1
148	140	1
148	141	1
148	145	1
148	146	1
148	147	1
148	148	1
148	149	1
148	166	1
148	168	1
148	170	1
148	191	1
148	192	1
148	228	1
148	234	1
148	239	1
148	241	1
148	242	1
148	243	1
148	246	1
148	269	1
148	273	1
148	277	1
149	3	1
149	4	1
149	5	1
149	23	1
149	73	1
149	74	1
149	97	1
149	99	1
149	100	1
149	101	1
149	109	1
149	110	1
149	112	1
149	113	1
149	140	1
149	141	1
149	145	1
149	146	1
149	147	1
149	148	1
149	149	1
149	166	1
149	168	1
149	170	1
149	191	1
149	192	1
149	228	1
149	234	1
149	239	1
149	241	1
149	242	1
149	243	1
149	246	1
149	269	1
149	273	1
149	277	1
150	0	1
150	1	1
150	2	1
150	34	1
150	49	1
150	116	1
150	124	1
150	133	1
150	136	1
150	150	1
150	151	1
150	152	1
150	153	1
150	154	1
150	155	1
150	169	1
150	193	1
150	202	1
150	209	1
150	210	1
150	250	1
150	251	1
150	255	1
151	0	1
151	1	1
151	2	1
151	34	1
151	49	1
151	116	1
151	124	1
151	133	1
151	136	1
151	150	1
151	151	1
151	152	1
151	153	1
151	154	1
151	155	1
151	169	1
151	193	1
151	202	1
151	209	1
151	210	1
151	250	1
151	251	1
151	255	1
152	0	1
152	1	1
152	2	1
152	34	1
152	49	1
152	116	1
152	124	1
152	133	1
152	136	1
152	150	1
152	151	1
152	152	1
152	153	1
152	154	1
152	155	1
152	169	1
152	193	1
152	202	1
152	209	1
152	210	1
152	250	1
152	251	1
152	255	1
153	0	1
153	1	1
153	2	1
153	34	1
153	49	1
153	116	1
153	124	1
153	133	1
153	136	1
153	150	1
153	151	1
153	152	1
153	153	1
153	154	1
153	155	1
153	169	1
153	193	1
153	202	1
153	209	1
153	210	1
153	250	1
153	251	1
153	255	1
154	0	1
154	1	1
154	2	1
154	34	1
154	49	1
154	116	1
154	124	1
154	133	1
154	136	1
154	150	1
154	151	1
154	152	1
154	153	1
154	154	1
154	155	1
154	169	1
154	193	1
154	202	1
154	209	1
154	210	1
154	250	1
154	251	1
154	255	1
155	0	1
155	1	1
155	2	1
155	34	1
155	49	1
155	116	1
155	124	1
155	133	1
155	136	1
155	150	1
155	151	1
155	152	1
155	153	1
155	154	1
155	155	1
155	169	1
155	193	1
155	202	1
155	209	1
155	210	1
155	250	1
155	251	1
155	255	1
156	13	1
156	16	1
156	32	1
156	35	1
156	43	1
156	54	1
156	59	1
156	60	1
156	63	1
156	64	1
156	77	1
156	78	1
156	102	1
156	111	1
156	122	1
156	127	1
156	135	1
156	156	1
156	157	1
156	165	1
156	167	1
156	171	1
156	181	1
156	182	1
156	183	1
156	184	1
156	185	1
156	186	1
156	187	1
156	188	1
156	189	1
156	190	1
156	194	1
156	198	1
156	224	1
156	237	1
156	240	1
156	245	1
157	13	1
157	16	1
157	32	1
157	35	1
157	43	1
157	54	1
157	59	1
157	60	1
157	63	1
157	64	1
157	77	1
157	78	1
157	102	1
157	111	1
157	122	1
157	127	1
157	135	1
157	156	1
157	157	1
157	165	1
157	167	1
157	171	1
157	181	1
157	182	1
157	183	1
157	184	1
157	185	1
157	186	1
157	187	1
157	188	1
157	189	1
157	190	1
157	194	1
157	198	1
157	224	1
157	237	1
157	240	1
157	245	1
158	8	1
158	9	1
158	10	1
158	15	1
158	18	1
158	20	1
158	29	1
158	36	1
158	83	1
158	84	1
158	85	1
158	86	1
158	114	1
158	128	1
158	142	1
158	143	1
158	144	1
158	158	1
158	162	1
158	163	1
158	164	1
158	172	1
158	244	1
158	257	1
158	262	1
158	271	1
159	27	1
159	30	1
159	40	1
159	46	1
159	67	1
159	68	1
159	93	1
159	103	1
159	105	1
159	119	1
159	121	1
159	131	1
159	134	1
159	159	1
159	179	1
159	180	1
159	196	1
159	199	1
159	215	1
159	216	1
159	217	1
159	218	1
159	267	1
159	283	1
160	14	1
160	17	1
160	22	1
160	24	1
160	33	1
160	41	1
160	65	1
160	66	1
160	69	1
160	70	1
160	95	1
160	96	1
160	98	1
160	107	1
160	108	1
160	132	1
160	160	1
160	207	1
160	208	1
160	219	1
160	256	1
160	258	1
160	260	1
160	263	1
160	265	1
161	25	1
161	38	1
161	47	1
161	53	1
161	55	1
161	115	1
161	117	1
161	118	1
161	120	1
161	123	1
161	130	1
161	161	1
161	197	1
161	206	1
161	211	1
161	212	1
161	222	1
161	223	1
161	226	1
161	227	1
161	232	1
161	233	1
161	235	1
161	264	1
161	266	1
161	268	1
162	8	1
162	9	1
162	10	1
162	15	1
162	18	1
162	20	1
162	29	1
162	36	1
162	83	1
162	84	1
162	85	1
162	86	1
162	114	1
162	128	1
162	142	1
162	143	1
162	144	1
162	158	1
162	162	1
162	163	1
162	164	1
162	172	1
162	244	1
162	257	1
162	262	1
162	271	1
163	8	1
163	9	1
163	10	1
163	15	1
163	18	1
163	20	1
163	29	1
163	36	1
163	83	1
163	84	1
163	85	1
163	86	1
163	114	1
163	128	1
163	142	1
163	143	1
163	144	1
163	158	1
163	162	1
163	163	1
163	164	1
163	172	1
163	244	1
163	257	1
163	262	1
163	271	1
164	8	1
164	9	1
164	10	1
164	15	1
164	18	1
164	20	1
164	29	1
164	36	1
164	83	1
164	84	1
164	85	1
164	86	1
164	114	1
164	128	1
164	142	1
164	143	1
164	144	1
164	158	1
164	162	1
164	163	1
164	164	1
164	172	1
164	244	1
164	257	1
164	262	1
164	271	1
165	13	1
165	16	1
165	32	1
165	35	1
165	43	1
165	54	1
165	59	1
165	60	1
165	63	1
165	64	1
165	77	1
165	78	1
165	102	1
165	111	1
165	122	1
165	127	1
165	135	1
165	156	1
165	157	1
165	165	1
165	167	1
165	171	1
165	181	1
165	182	1
165	183	1
165	184	1
165	185	1
165	186	1
165	187	1
165	188	1
165	189	1
165	190	1
165	194	1
165	198	1
165	224	1
165	237	1
165	240	1
165	245	1
166	3	1
166	4	1
166	5	1
166	23	1
166	73	1
166	74	1
166	97	1
166	99	1
166	100	1
166	101	1
166	109	1
166	110	1
166	112	1
166	113	1
166	140	1
166	141	1
166	145	1
166	146	1
166	147	1
166	148	1
166	149	1
166	166	1
166	168	1
166	170	1
166	191	1
166	192	1
166	228	1
166	234	1
166	239	1
166	241	1
166	242	1
166	243	1
166	246	1
166	269	1
166	273	1
166	277	1
167	13	1
167	16	1
167	32	1
167	35	1
167	43	1
167	54	1
167	59	1
167	60	1
167	63	1
167	64	1
167	77	1
167	78	1
167	102	1
167	111	1
167	122	1
167	127	1
167	135	1
167	156	1
167	157	1
167	165	1
167	167	1
167	171	1
167	181	1
167	182	1
167	183	1
167	184	1
167	185	1
167	186	1
167	187	1
167	188	1
167	189	1
167	190	1
167	194	1
167	198	1
167	224	1
167	237	1
167	240	1
167	245	1
168	3	1
168	4	1
168	5	1
168	23	1
168	73	1
168	74	1
168	97	1
168	99	1
168	100	1
168	101	1
168	109	1
168	110	1
168	112	1
168	113	1
168	140	1
168	141	1
168	145	1
168	146	1
168	147	1
168	148	1
168	149	1
168	166	1
168	168	1
168	170	1
168	191	1
168	192	1
168	228	1
168	234	1
168	239	1
168	241	1
168	242	1
168	243	1
168	246	1
168	269	1
168	273	1
168	277	1
169	0	1
169	1	1
169	2	1
169	34	1
169	49	1
169	116	1
169	124	1
169	133	1
169	136	1
169	150	1
169	151	1
169	152	1
169	153	1
169	154	1
169	155	1
169	169	1
169	193	1
169	202	1
169	209	1
169	210	1
169	250	1
169	251	1
169	255	1
170	3	1
170	4	1
170	5	1
170	23	1
170	73	1
170	74	1
170	97	1
170	99	1
170	100	1
170	101	1
170	109	1
170	110	1
170	112	1
170	113	1
170	140	1
170	141	1
170	145	1
170	146	1
170	147	1
170	148	1
170	149	1
170	166	1
170	168	1
170	170	1
170	191	1
170	192	1
170	228	1
170	234	1
170	239	1
170	241	1
170	242	1
170	243	1
170	246	1
170	269	1
170	273	1
170	277	1
171	13	1
171	16	1
171	32	1
171	35	1
171	43	1
171	54	1
171	59	1
171	60	1
171	63	1
171	64	1
171	77	1
171	78	1
171	102	1
171	111	1
171	122	1
171	127	1
171	135	1
171	156	1
171	157	1
171	165	1
171	167	1
171	171	1
171	181	1
171	182	1
171	183	1
171	184	1
171	185	1
171	186	1
171	187	1
171	188	1
171	189	1
171	190	1
171	194	1
171	198	1
171	224	1
171	237	1
171	240	1
171	245	1
172	8	1
172	9	1
172	10	1
172	15	1
172	18	1
172	20	1
172	29	1
172	36	1
172	83	1
172	84	1
172	85	1
172	86	1
172	114	1
172	128	1
172	142	1
172	143	1
172	144	1
172	158	1
172	162	1
172	163	1
172	164	1
172	172	1
172	244	1
172	257	1
172	262	1
172	271	1
173	11	1
173	12	1
173	21	1
173	28	1
173	90	1
173	91	1
173	92	1
173	94	1
173	173	1
173	174	1
173	175	1
173	176	1
173	177	1
173	178	1
173	203	1
173	213	1
173	214	1
174	11	1
174	12	1
174	21	1
174	28	1
174	90	1
174	91	1
174	92	1
174	94	1
174	173	1
174	174	1
174	175	1
174	176	1
174	177	1
174	178	1
174	203	1
174	213	1
174	214	1
175	11	1
175	12	1
175	21	1
175	28	1
175	90	1
175	91	1
175	92	1
175	94	1
175	173	1
175	174	1
175	175	1
175	176	1
175	177	1
175	178	1
175	203	1
175	213	1
175	214	1
176	11	1
176	12	1
176	21	1
176	28	1
176	90	1
176	91	1
176	92	1
176	94	1
176	173	1
176	174	1
176	175	1
176	176	1
176	177	1
176	178	1
176	203	1
176	213	1
176	214	1
177	11	1
177	12	1
177	21	1
177	28	1
177	90	1
177	91	1
177	92	1
177	94	1
177	173	1
177	174	1
177	175	1
177	176	1
177	177	1
177	178	1
177	203	1
177	213	1
177	214	1
178	11	1
178	12	1
178	21	1
178	28	1
178	90	1
178	91	1
178	92	1
178	94	1
178	173	1
178	174	1
178	175	1
178	176	1
178	177	1
178	178	1
178	203	1
178	213	1
178	214	1
179	27	1
179	30	1
179	40	1
179	46	1
179	67	1
179	68	1
179	93	1
179	103	1
179	105	1
179	119	1
179	121	1
179	131	1
179	134	1
179	159	1
179	179	1
179	180	1
179	196	1
179	199	1
179	215	1
179	216	1
179	217	1
179	218	1
179	267	1
179	283	1
180	27	1
180	30	1
180	40	1
180	46	1
180	67	1
180	68	1
180	93	1
180	103	1
180	105	1
180	119	1
180	121	1
180	131	1
180	134	1
180	159	1
180	179	1
180	180	1
180	196	1
180	199	1
180	215	1
180	216	1
180	217	1
180	218	1
180	267	1
180	283	1
181	13	1
181	16	1
181	32	1
181	35	1
181	43	1
181	54	1
181	59	1
181	60	1
181	63	1
181	64	1
181	77	1
181	78	1
181	102	1
181	111	1
181	122	1
181	127	1
181	135	1
181	156	1
181	157	1
181	165	1
181	167	1
181	171	1
181	181	1
181	182	1
181	183	1
181	184	1
181	185	1
181	186	1
181	187	1
181	188	1
181	189	1
181	190	1
181	194	1
181	198	1
181	224	1
181	237	1
181	240	1
181	245	1
182	13	1
182	16	1
182	32	1
182	35	1
182	43	1
182	54	1
182	59	1
182	60	1
182	63	1
182	64	1
182	77	1
182	78	1
182	102	1
182	111	1
182	122	1
182	127	1
182	135	1
182	156	1
182	157	1
182	165	1
182	167	1
182	171	1
182	181	1
182	182	1
182	183	1
182	184	1
182	185	1
182	186	1
182	187	1
182	188	1
182	189	1
182	190	1
182	194	1
182	198	1
182	224	1
182	237	1
182	240	1
182	245	1
183	13	1
183	16	1
183	32	1
183	35	1
183	43	1
183	54	1
183	59	1
183	60	1
183	63	1
183	64	1
183	77	1
183	78	1
183	102	1
183	111	1
183	122	1
183	127	1
183	135	1
183	156	1
183	157	1
183	165	1
183	167	1
183	171	1
183	181	1
183	182	1
183	183	1
183	184	1
183	185	1
183	186	1
183	187	1
183	188	1
183	189	1
183	190	1
183	194	1
183	198	1
183	224	1
183	237	1
183	240	1
183	245	1
184	13	1
184	16	1
184	32	1
184	35	1
184	43	1
184	54	1
184	59	1
184	60	1
184	63	1
184	64	1
184	77	1
184	78	1
184	102	1
184	111	1
184	122	1
184	127	1
184	135	1
184	156	1
184	157	1
184	165	1
184	167	1
184	171	1
184	181	1
184	182	1
184	183	1
184	184	1
184	185	1
184	186	1
184	187	1
184	188	1
184	189	1
184	190	1
184	194	1
184	198	1
184	224	1
184	237	1
184	240	1
184	245	1
185	13	1
185	16	1
185	32	1
185	35	1
185	43	1
185	54	1
185	59	1
185	60	1
185	63	1
185	64	1
185	77	1
185	78	1
185	102	1
185	111	1
185	122	1
185	127	1
185	135	1
185	156	1
185	157	1
185	165	1
185	167	1
185	171	1
185	181	1
185	182	1
185	183	1
185	184	1
185	185	1
185	186	1
185	187	1
185	188	1
185	189	1
185	190	1
185	194	1
185	198	1
185	224	1
185	237	1
185	240	1
185	245	1
186	13	1
186	16	1
186	32	1
186	35	1
186	43	1
186	54	1
186	59	1
186	60	1
186	63	1
186	64	1
186	77	1
186	78	1
186	102	1
186	111	1
186	122	1
186	127	1
186	135	1
186	156	1
186	157	1
186	165	1
186	167	1
186	171	1
186	181	1
186	182	1
186	183	1
186	184	1
186	185	1
186	186	1
186	187	1
186	188	1
186	189	1
186	190	1
186	194	1
186	198	1
186	224	1
186	237	1
186	240	1
186	245	1
187	13	1
187	16	1
187	32	1
187	35	1
187	43	1
187	54	1
187	59	1
187	60	1
187	63	1
187	64	1
187	77	1
187	78	1
187	102	1
187	111	1
187	122	1
187	127	1
187	135	1
187	156	1
187	157	1
187	165	1
187	167	1
187	171	1
187	181	1
187	182	1
187	183	1
187	184	1
187	185	1
187	186	1
187	187	1
187	188	1
187	189	1
187	190	1
187	194	1
187	198	1
187	224	1
187	237	1
187	240	1
187	245	1
188	13	1
188	16	1
188	32	1
188	35	1
188	43	1
188	54	1
188	59	1
188	60	1
188	63	1
188	64	1
188	77	1
188	78	1
188	102	1
188	111	1
188	122	1
188	127	1
188	135	1
188	156	1
188	157	1
188	165	1
188	167	1
188	171	1
188	181	1
188	182	1
188	183	1
188	184	1
188	185	1
188	186	1
188	187	1
188	188	1
188	189	1
188	190	1
188	194	1
188	198	1
188	224	1
188	237	1
188	240	1
188	245	1
189	13	1
189	16	1
189	32	1
189	35	1
189	43	1
189	54	1
189	59	1
189	60	1
189	63	1
189	64	1
189	77	1
189	78	1
189	102	1
189	111	1
189	122	1
189	127	1
189	135	1
189	156	1
189	157	1
189	165	1
189	167	1
189	171	1
189	181	1
189	182	1
189	183	1
189	184	1
189	185	1
189	186	1
189	187	1
189	188	1
189	189	1
189	190	1
189	194	1
189	198	1
189	224	1
189	237	1
189	240	1
189	245	1
190	13	1
190	16	1
190	32	1
190	35	1
190	43	1
190	54	1
190	59	1
190	60	1
190	63	1
190	64	1
190	77	1
190	78	1
190	102	1
190	111	1
190	122	1
190	127	1
190	135	1
190	156	1
190	157	1
190	165	1
190	167	1
190	171	1
190	181	1
190	182	1
190	183	1
190	184	1
190	185	1
190	186	1
190	187	1
190	188	1
190	189	1
190	190	1
190	194	1
190	198	1
190	224	1
190	237	1
190	240	1
190	245	1
191	3	1
191	4	1
191	5	1
191	23	1
191	73	1
191	74	1
191	97	1
191	99	1
191	100	1
191	101	1
191	109	1
191	110	1
191	112	1
191	113	1
191	140	1
191	141	1
191	145	1
191	146	1
191	147	1
191	148	1
191	149	1
191	166	1
191	168	1
191	170	1
191	191	1
191	192	1
191	228	1
191	234	1
191	239	1
191	241	1
191	242	1
191	243	1
191	246	1
191	269	1
191	273	1
191	277	1
192	3	1
192	4	1
192	5	1
192	23	1
192	73	1
192	74	1
192	97	1
192	99	1
192	100	1
192	101	1
192	109	1
192	110	1
192	112	1
192	113	1
192	140	1
192	141	1
192	145	1
192	146	1
192	147	1
192	148	1
192	149	1
192	166	1
192	168	1
192	170	1
192	191	1
192	192	1
192	228	1
192	234	1
192	239	1
192	241	1
192	242	1
192	243	1
192	246	1
192	269	1
192	273	1
192	277	1
193	0	1
193	1	1
193	2	1
193	34	1
193	49	1
193	116	1
193	124	1
193	133	1
193	136	1
193	150	1
193	151	1
193	152	1
193	153	1
193	154	1
193	155	1
193	169	1
193	193	1
193	202	1
193	209	1
193	210	1
193	250	1
193	251	1
193	255	1
194	13	1
194	16	1
194	32	1
194	35	1
194	43	1
194	54	1
194	59	1
194	60	1
194	63	1
194	64	1
194	77	1
194	78	1
194	102	1
194	111	1
194	122	1
194	127	1
194	135	1
194	156	1
194	157	1
194	165	1
194	167	1
194	171	1
194	181	1
194	182	1
194	183	1
194	184	1
194	185	1
194	186	1
194	187	1
194	188	1
194	189	1
194	190	1
194	194	1
194	198	1
194	224	1
194	237	1
194	240	1
194	245	1
195	19	1
195	26	1
195	50	1
195	52	1
195	56	1
195	79	1
195	80	1
195	87	1
195	88	1
195	89	1
195	195	1
195	201	1
195	270	1
195	275	1
195	279	1
195	281	1
196	27	1
196	30	1
196	40	1
196	46	1
196	67	1
196	68	1
196	93	1
196	103	1
196	105	1
196	119	1
196	121	1
196	131	1
196	134	1
196	159	1
196	179	1
196	180	1
196	196	1
196	199	1
196	215	1
196	216	1
196	217	1
196	218	1
196	267	1
196	283	1
197	25	1
197	38	1
197	47	1
197	53	1
197	55	1
197	115	1
197	117	1
197	118	1
197	120	1
197	123	1
197	130	1
197	161	1
197	197	1
197	206	1
197	211	1
197	212	1
197	222	1
197	223	1
197	226	1
197	227	1
197	232	1
197	233	1
197	235	1
197	264	1
197	266	1
197	268	1
198	13	1
198	16	1
198	32	1
198	35	1
198	43	1
198	54	1
198	59	1
198	60	1
198	63	1
198	64	1
198	77	1
198	78	1
198	102	1
198	111	1
198	122	1
198	127	1
198	135	1
198	156	1
198	157	1
198	165	1
198	167	1
198	171	1
198	181	1
198	182	1
198	183	1
198	184	1
198	185	1
198	186	1
198	187	1
198	188	1
198	189	1
198	190	1
198	194	1
198	198	1
198	224	1
198	237	1
198	240	1
198	245	1
199	27	1
199	30	1
199	40	1
199	46	1
199	67	1
199	68	1
199	93	1
199	103	1
199	105	1
199	119	1
199	121	1
199	131	1
199	134	1
199	159	1
199	179	1
199	180	1
199	196	1
199	199	1
199	215	1
199	216	1
199	217	1
199	218	1
199	267	1
199	283	1
200	6	1
200	7	1
200	37	1
200	39	1
200	42	1
200	44	1
200	45	1
200	48	1
200	51	1
200	61	1
200	62	1
200	104	1
200	106	1
200	125	1
200	126	1
200	129	1
200	137	1
200	138	1
200	139	1
200	200	1
200	229	1
200	238	1
200	247	1
200	248	1
200	272	1
200	274	1
200	278	1
200	280	1
201	19	1
201	26	1
201	50	1
201	52	1
201	56	1
201	79	1
201	80	1
201	87	1
201	88	1
201	89	1
201	195	1
201	201	1
201	270	1
201	275	1
201	279	1
201	281	1
202	0	1
202	1	1
202	2	1
202	34	1
202	49	1
202	116	1
202	124	1
202	133	1
202	136	1
202	150	1
202	151	1
202	152	1
202	153	1
202	154	1
202	155	1
202	169	1
202	193	1
202	202	1
202	209	1
202	210	1
202	250	1
202	251	1
202	255	1
203	11	1
203	12	1
203	21	1
203	28	1
203	90	1
203	91	1
203	92	1
203	94	1
203	173	1
203	174	1
203	175	1
203	176	1
203	177	1
203	178	1
203	203	1
203	213	1
203	214	1
204	31	1
204	57	1
204	58	1
204	71	1
204	72	1
204	81	1
204	82	1
204	204	1
204	205	1
204	220	1
204	221	1
204	225	1
204	230	1
204	231	1
204	236	1
204	249	1
204	252	1
204	253	1
204	254	1
204	259	1
204	261	1
205	31	1
205	57	1
205	58	1
205	71	1
205	72	1
205	81	1
205	82	1
205	204	1
205	205	1
205	220	1
205	221	1
205	225	1
205	230	1
205	231	1
205	236	1
205	249	1
205	252	1
205	253	1
205	254	1
205	259	1
205	261	1
206	25	1
206	38	1
206	47	1
206	53	1
206	55	1
206	115	1
206	117	1
206	118	1
206	120	1
206	123	1
206	130	1
206	161	1
206	197	1
206	206	1
206	211	1
206	212	1
206	222	1
206	223	1
206	226	1
206	227	1
206	232	1
206	233	1
206	235	1
206	264	1
206	266	1
206	268	1
207	14	1
207	17	1
207	22	1
207	24	1
207	33	1
207	41	1
207	65	1
207	66	1
207	69	1
207	70	1
207	95	1
207	96	1
207	98	1
207	107	1
207	108	1
207	132	1
207	160	1
207	207	1
207	208	1
207	219	1
207	256	1
207	258	1
207	260	1
207	263	1
207	265	1
208	14	1
208	17	1
208	22	1
208	24	1
208	33	1
208	41	1
208	65	1
208	66	1
208	69	1
208	70	1
208	95	1
208	96	1
208	98	1
208	107	1
208	108	1
208	132	1
208	160	1
208	207	1
208	208	1
208	219	1
208	256	1
208	258	1
208	260	1
208	263	1
208	265	1
209	0	1
209	1	1
209	2	1
209	34	1
209	49	1
209	116	1
209	124	1
209	133	1
209	136	1
209	150	1
209	151	1
209	152	1
209	153	1
209	154	1
209	155	1
209	169	1
209	193	1
209	202	1
209	209	1
209	210	1
209	250	1
209	251	1
209	255	1
210	0	1
210	1	1
210	2	1
210	34	1
210	49	1
210	116	1
210	124	1
210	133	1
210	136	1
210	150	1
210	151	1
210	152	1
210	153	1
210	154	1
210	155	1
210	169	1
210	193	1
210	202	1
210	209	1
210	210	1
210	250	1
210	251	1
210	255	1
211	25	1
211	38	1
211	47	1
211	53	1
211	55	1
211	115	1
211	117	1
211	118	1
211	120	1
211	123	1
211	130	1
211	161	1
211	197	1
211	206	1
211	211	1
211	212	1
211	222	1
211	223	1
211	226	1
211	227	1
211	232	1
211	233	1
211	235	1
211	264	1
211	266	1
211	268	1
212	25	1
212	38	1
212	47	1
212	53	1
212	55	1
212	115	1
212	117	1
212	118	1
212	120	1
212	123	1
212	130	1
212	161	1
212	197	1
212	206	1
212	211	1
212	212	1
212	222	1
212	223	1
212	226	1
212	227	1
212	232	1
212	233	1
212	235	1
212	264	1
212	266	1
212	268	1
213	11	1
213	12	1
213	21	1
213	28	1
213	90	1
213	91	1
213	92	1
213	94	1
213	173	1
213	174	1
213	175	1
213	176	1
213	177	1
213	178	1
213	203	1
213	213	1
213	214	1
214	11	1
214	12	1
214	21	1
214	28	1
214	90	1
214	91	1
214	92	1
214	94	1
214	173	1
214	174	1
214	175	1
214	176	1
214	177	1
214	178	1
214	203	1
214	213	1
214	214	1
215	27	1
215	30	1
215	40	1
215	46	1
215	67	1
215	68	1
215	93	1
215	103	1
215	105	1
215	119	1
215	121	1
215	131	1
215	134	1
215	159	1
215	179	1
215	180	1
215	196	1
215	199	1
215	215	1
215	216	1
215	217	1
215	218	1
215	267	1
215	283	1
216	27	1
216	30	1
216	40	1
216	46	1
216	67	1
216	68	1
216	93	1
216	103	1
216	105	1
216	119	1
216	121	1
216	131	1
216	134	1
216	159	1
216	179	1
216	180	1
216	196	1
216	199	1
216	215	1
216	216	1
216	217	1
216	218	1
216	267	1
216	283	1
217	27	1
217	30	1
217	40	1
217	46	1
217	67	1
217	68	1
217	93	1
217	103	1
217	105	1
217	119	1
217	121	1
217	131	1
217	134	1
217	159	1
217	179	1
217	180	1
217	196	1
217	199	1
217	215	1
217	216	1
217	217	1
217	218	1
217	267	1
217	283	1
218	27	1
218	30	1
218	40	1
218	46	1
218	67	1
218	68	1
218	93	1
218	103	1
218	105	1
218	119	1
218	121	1
218	131	1
218	134	1
218	159	1
218	179	1
218	180	1
218	196	1
218	199	1
218	215	1
218	216	1
218	217	1
218	218	1
218	267	1
218	283	1
219	14	1
219	17	1
219	22	1
219	24	1
219	33	1
219	41	1
219	65	1
219	66	1
219	69	1
219	70	1
219	95	1
219	96	1
219	98	1
219	107	1
219	108	1
219	132	1
219	160	1
219	207	1
219	208	1
219	219	1
219	256	1
219	258	1
219	260	1
219	263	1
219	265	1
220	31	1
220	57	1
220	58	1
220	71	1
220	72	1
220	81	1
220	82	1
220	204	1
220	205	1
220	220	1
220	221	1
220	225	1
220	230	1
220	231	1
220	236	1
220	249	1
220	252	1
220	253	1
220	254	1
220	259	1
220	261	1
221	31	1
221	57	1
221	58	1
221	71	1
221	72	1
221	81	1
221	82	1
221	204	1
221	205	1
221	220	1
221	221	1
221	225	1
221	230	1
221	231	1
221	236	1
221	249	1
221	252	1
221	253	1
221	254	1
221	259	1
221	261	1
222	25	1
222	38	1
222	47	1
222	53	1
222	55	1
222	115	1
222	117	1
222	118	1
222	120	1
222	123	1
222	130	1
222	161	1
222	197	1
222	206	1
222	211	1
222	212	1
222	222	1
222	223	1
222	226	1
222	227	1
222	232	1
222	233	1
222	235	1
222	264	1
222	266	1
222	268	1
223	25	1
223	38	1
223	47	1
223	53	1
223	55	1
223	115	1
223	117	1
223	118	1
223	120	1
223	123	1
223	130	1
223	161	1
223	197	1
223	206	1
223	211	1
223	212	1
223	222	1
223	223	1
223	226	1
223	227	1
223	232	1
223	233	1
223	235	1
223	264	1
223	266	1
223	268	1
224	13	1
224	16	1
224	32	1
224	35	1
224	43	1
224	54	1
224	59	1
224	60	1
224	63	1
224	64	1
224	77	1
224	78	1
224	102	1
224	111	1
224	122	1
224	127	1
224	135	1
224	156	1
224	157	1
224	165	1
224	167	1
224	171	1
224	181	1
224	182	1
224	183	1
224	184	1
224	185	1
224	186	1
224	187	1
224	188	1
224	189	1
224	190	1
224	194	1
224	198	1
224	224	1
224	237	1
224	240	1
224	245	1
225	31	1
225	57	1
225	58	1
225	71	1
225	72	1
225	81	1
225	82	1
225	204	1
225	205	1
225	220	1
225	221	1
225	225	1
225	230	1
225	231	1
225	236	1
225	249	1
225	252	1
225	253	1
225	254	1
225	259	1
225	261	1
226	25	1
226	38	1
226	47	1
226	53	1
226	55	1
226	115	1
226	117	1
226	118	1
226	120	1
226	123	1
226	130	1
226	161	1
226	197	1
226	206	1
226	211	1
226	212	1
226	222	1
226	223	1
226	226	1
226	227	1
226	232	1
226	233	1
226	235	1
226	264	1
226	266	1
226	268	1
227	25	1
227	38	1
227	47	1
227	53	1
227	55	1
227	115	1
227	117	1
227	118	1
227	120	1
227	123	1
227	130	1
227	161	1
227	197	1
227	206	1
227	211	1
227	212	1
227	222	1
227	223	1
227	226	1
227	227	1
227	232	1
227	233	1
227	235	1
227	264	1
227	266	1
227	268	1
228	3	1
228	4	1
228	5	1
228	23	1
228	73	1
228	74	1
228	97	1
228	99	1
228	100	1
228	101	1
228	109	1
228	110	1
228	112	1
228	113	1
228	140	1
228	141	1
228	145	1
228	146	1
228	147	1
228	148	1
228	149	1
228	166	1
228	168	1
228	170	1
228	191	1
228	192	1
228	228	1
228	234	1
228	239	1
228	241	1
228	242	1
228	243	1
228	246	1
228	269	1
228	273	1
228	277	1
229	6	1
229	7	1
229	37	1
229	39	1
229	42	1
229	44	1
229	45	1
229	48	1
229	51	1
229	61	1
229	62	1
229	104	1
229	106	1
229	125	1
229	126	1
229	129	1
229	137	1
229	138	1
229	139	1
229	200	1
229	229	1
229	238	1
229	247	1
229	248	1
229	272	1
229	274	1
229	278	1
229	280	1
230	31	1
230	57	1
230	58	1
230	71	1
230	72	1
230	81	1
230	82	1
230	204	1
230	205	1
230	220	1
230	221	1
230	225	1
230	230	1
230	231	1
230	236	1
230	249	1
230	252	1
230	253	1
230	254	1
230	259	1
230	261	1
231	31	1
231	57	1
231	58	1
231	71	1
231	72	1
231	81	1
231	82	1
231	204	1
231	205	1
231	220	1
231	221	1
231	225	1
231	230	1
231	231	1
231	236	1
231	249	1
231	252	1
231	253	1
231	254	1
231	259	1
231	261	1
232	25	1
232	38	1
232	47	1
232	53	1
232	55	1
232	115	1
232	117	1
232	118	1
232	120	1
232	123	1
232	130	1
232	161	1
232	197	1
232	206	1
232	211	1
232	212	1
232	222	1
232	223	1
232	226	1
232	227	1
232	232	1
232	233	1
232	235	1
232	264	1
232	266	1
232	268	1
233	25	1
233	38	1
233	47	1
233	53	1
233	55	1
233	115	1
233	117	1
233	118	1
233	120	1
233	123	1
233	130	1
233	161	1
233	197	1
233	206	1
233	211	1
233	212	1
233	222	1
233	223	1
233	226	1
233	227	1
233	232	1
233	233	1
233	235	1
233	264	1
233	266	1
233	268	1
234	3	1
234	4	1
234	5	1
234	23	1
234	73	1
234	74	1
234	97	1
234	99	1
234	100	1
234	101	1
234	109	1
234	110	1
234	112	1
234	113	1
234	140	1
234	141	1
234	145	1
234	146	1
234	147	1
234	148	1
234	149	1
234	166	1
234	168	1
234	170	1
234	191	1
234	192	1
234	228	1
234	234	1
234	239	1
234	241	1
234	242	1
234	243	1
234	246	1
234	269	1
234	273	1
234	277	1
235	25	1
235	38	1
235	47	1
235	53	1
235	55	1
235	115	1
235	117	1
235	118	1
235	120	1
235	123	1
235	130	1
235	161	1
235	197	1
235	206	1
235	211	1
235	212	1
235	222	1
235	223	1
235	226	1
235	227	1
235	232	1
235	233	1
235	235	1
235	264	1
235	266	1
235	268	1
236	31	1
236	57	1
236	58	1
236	71	1
236	72	1
236	81	1
236	82	1
236	204	1
236	205	1
236	220	1
236	221	1
236	225	1
236	230	1
236	231	1
236	236	1
236	249	1
236	252	1
236	253	1
236	254	1
236	259	1
236	261	1
237	13	1
237	16	1
237	32	1
237	35	1
237	43	1
237	54	1
237	59	1
237	60	1
237	63	1
237	64	1
237	77	1
237	78	1
237	102	1
237	111	1
237	122	1
237	127	1
237	135	1
237	156	1
237	157	1
237	165	1
237	167	1
237	171	1
237	181	1
237	182	1
237	183	1
237	184	1
237	185	1
237	186	1
237	187	1
237	188	1
237	189	1
237	190	1
237	194	1
237	198	1
237	224	1
237	237	1
237	240	1
237	245	1
238	6	1
238	7	1
238	37	1
238	39	1
238	42	1
238	44	1
238	45	1
238	48	1
238	51	1
238	61	1
238	62	1
238	104	1
238	106	1
238	125	1
238	126	1
238	129	1
238	137	1
238	138	1
238	139	1
238	200	1
238	229	1
238	238	1
238	247	1
238	248	1
238	272	1
238	274	1
238	278	1
238	280	1
239	3	1
239	4	1
239	5	1
239	23	1
239	73	1
239	74	1
239	97	1
239	99	1
239	100	1
239	101	1
239	109	1
239	110	1
239	112	1
239	113	1
239	140	1
239	141	1
239	145	1
239	146	1
239	147	1
239	148	1
239	149	1
239	166	1
239	168	1
239	170	1
239	191	1
239	192	1
239	228	1
239	234	1
239	239	1
239	241	1
239	242	1
239	243	1
239	246	1
239	269	1
239	273	1
239	277	1
240	13	1
240	16	1
240	32	1
240	35	1
240	43	1
240	54	1
240	59	1
240	60	1
240	63	1
240	64	1
240	77	1
240	78	1
240	102	1
240	111	1
240	122	1
240	127	1
240	135	1
240	156	1
240	157	1
240	165	1
240	167	1
240	171	1
240	181	1
240	182	1
240	183	1
240	184	1
240	185	1
240	186	1
240	187	1
240	188	1
240	189	1
240	190	1
240	194	1
240	198	1
240	224	1
240	237	1
240	240	1
240	245	1
241	3	1
241	4	1
241	5	1
241	23	1
241	73	1
241	74	1
241	97	1
241	99	1
241	100	1
241	101	1
241	109	1
241	110	1
241	112	1
241	113	1
241	140	1
241	141	1
241	145	1
241	146	1
241	147	1
241	148	1
241	149	1
241	166	1
241	168	1
241	170	1
241	191	1
241	192	1
241	228	1
241	234	1
241	239	1
241	241	1
241	242	1
241	243	1
241	246	1
241	269	1
241	273	1
241	277	1
242	3	1
242	4	1
242	5	1
242	23	1
242	73	1
242	74	1
242	97	1
242	99	1
242	100	1
242	101	1
242	109	1
242	110	1
242	112	1
242	113	1
242	140	1
242	141	1
242	145	1
242	146	1
242	147	1
242	148	1
242	149	1
242	166	1
242	168	1
242	170	1
242	191	1
242	192	1
242	228	1
242	234	1
242	239	1
242	241	1
242	242	1
242	243	1
242	246	1
242	269	1
242	273	1
242	277	1
243	3	1
243	4	1
243	5	1
243	23	1
243	73	1
243	74	1
243	97	1
243	99	1
243	100	1
243	101	1
243	109	1
243	110	1
243	112	1
243	113	1
243	140	1
243	141	1
243	145	1
243	146	1
243	147	1
243	148	1
243	149	1
243	166	1
243	168	1
243	170	1
243	191	1
243	192	1
243	228	1
243	234	1
243	239	1
243	241	1
243	242	1
243	243	1
243	246	1
243	269	1
243	273	1
243	277	1
244	8	1
244	9	1
244	10	1
244	15	1
244	18	1
244	20	1
244	29	1
244	36	1
244	83	1
244	84	1
244	85	1
244	86	1
244	114	1
244	128	1
244	142	1
244	143	1
244	144	1
244	158	1
244	162	1
244	163	1
244	164	1
244	172	1
244	244	1
244	257	1
244	262	1
244	271	1
245	13	1
245	16	1
245	32	1
245	35	1
245	43	1
245	54	1
245	59	1
245	60	1
245	63	1
245	64	1
245	77	1
245	78	1
245	102	1
245	111	1
245	122	1
245	127	1
245	135	1
245	156	1
245	157	1
245	165	1
245	167	1
245	171	1
245	181	1
245	182	1
245	183	1
245	184	1
245	185	1
245	186	1
245	187	1
245	188	1
245	189	1
245	190	1
245	194	1
245	198	1
245	224	1
245	237	1
245	240	1
245	245	1
246	3	1
246	4	1
246	5	1
246	23	1
246	73	1
246	74	1
246	97	1
246	99	1
246	100	1
246	101	1
246	109	1
246	110	1
246	112	1
246	113	1
246	140	1
246	141	1
246	145	1
246	146	1
246	147	1
246	148	1
246	149	1
246	166	1
246	168	1
246	170	1
246	191	1
246	192	1
246	228	1
246	234	1
246	239	1
246	241	1
246	242	1
246	243	1
246	246	1
246	269	1
246	273	1
246	277	1
247	6	1
247	7	1
247	37	1
247	39	1
247	42	1
247	44	1
247	45	1
247	48	1
247	51	1
247	61	1
247	62	1
247	104	1
247	106	1
247	125	1
247	126	1
247	129	1
247	137	1
247	138	1
247	139	1
247	200	1
247	229	1
247	238	1
247	247	1
247	248	1
247	272	1
247	274	1
247	278	1
247	280	1
248	6	1
248	7	1
248	37	1
248	39	1
248	42	1
248	44	1
248	45	1
248	48	1
248	51	1
248	61	1
248	62	1
248	104	1
248	106	1
248	125	1
248	126	1
248	129	1
248	137	1
248	138	1
248	139	1
248	200	1
248	229	1
248	238	1
248	247	1
248	248	1
248	272	1
248	274	1
248	278	1
248	280	1
249	31	1
249	57	1
249	58	1
249	71	1
249	72	1
249	81	1
249	82	1
249	204	1
249	205	1
249	220	1
249	221	1
249	225	1
249	230	1
249	231	1
249	236	1
249	249	1
249	252	1
249	253	1
249	254	1
249	259	1
249	261	1
250	0	1
250	1	1
250	2	1
250	34	1
250	49	1
250	116	1
250	124	1
250	133	1
250	136	1
250	150	1
250	151	1
250	152	1
250	153	1
250	154	1
250	155	1
250	169	1
250	193	1
250	202	1
250	209	1
250	210	1
250	250	1
250	251	1
250	255	1
251	0	1
251	1	1
251	2	1
251	34	1
251	49	1
251	116	1
251	124	1
251	133	1
251	136	1
251	150	1
251	151	1
251	152	1
251	153	1
251	154	1
251	155	1
251	169	1
251	193	1
251	202	1
251	209	1
251	210	1
251	250	1
251	251	1
251	255	1
252	31	1
252	57	1
252	58	1
252	71	1
252	72	1
252	81	1
252	82	1
252	204	1
252	205	1
252	220	1
252	221	1
252	225	1
252	230	1
252	231	1
252	236	1
252	249	1
252	252	1
252	253	1
252	254	1
252	259	1
252	261	1
253	31	1
253	57	1
253	58	1
253	71	1
253	72	1
253	81	1
253	82	1
253	204	1
253	205	1
253	220	1
253	221	1
253	225	1
253	230	1
253	231	1
253	236	1
253	249	1
253	252	1
253	253	1
253	254	1
253	259	1
253	261	1
254	31	1
254	57	1
254	58	1
254	71	1
254	72	1
254	81	1
254	82	1
254	204	1
254	205	1
254	220	1
254	221	1
254	225	1
254	230	1
254	231	1
254	236	1
254	249	1
254	252	1
254	253	1
254	254	1
254	259	1
254	261	1
255	0	1
255	1	1
255	2	1
255	34	1
255	49	1
255	116	1
255	124	1
255	133	1
255	136	1
255	150	1
255	151	1
255	152	1
255	153	1
255	154	1
255	155	1
255	169	1
255	193	1
255	202	1
255	209	1
255	210	1
255	250	1
255	251	1
255	255	1
256	14	1
256	17	1
256	22	1
256	24	1
256	33	1
256	41	1
256	65	1
256	66	1
256	69	1
256	70	1
256	95	1
256	96	1
256	98	1
256	107	1
256	108	1
256	132	1
256	160	1
256	207	1
256	208	1
256	219	1
256	256	1
256	258	1
256	260	1
256	263	1
256	265	1
257	8	1
257	9	1
257	10	1
257	15	1
257	18	1
257	20	1
257	29	1
257	36	1
257	83	1
257	84	1
257	85	1
257	86	1
257	114	1
257	128	1
257	142	1
257	143	1
257	144	1
257	158	1
257	162	1
257	163	1
257	164	1
257	172	1
257	244	1
257	257	1
257	262	1
257	271	1
258	14	1
258	17	1
258	22	1
258	24	1
258	33	1
258	41	1
258	65	1
258	66	1
258	69	1
258	70	1
258	95	1
258	96	1
258	98	1
258	107	1
258	108	1
258	132	1
258	160	1
258	207	1
258	208	1
258	219	1
258	256	1
258	258	1
258	260	1
258	263	1
258	265	1
259	31	1
259	57	1
259	58	1
259	71	1
259	72	1
259	81	1
259	82	1
259	204	1
259	205	1
259	220	1
259	221	1
259	225	1
259	230	1
259	231	1
259	236	1
259	249	1
259	252	1
259	253	1
259	254	1
259	259	1
259	261	1
260	14	1
260	17	1
260	22	1
260	24	1
260	33	1
260	41	1
260	65	1
260	66	1
260	69	1
260	70	1
260	95	1
260	96	1
260	98	1
260	107	1
260	108	1
260	132	1
260	160	1
260	207	1
260	208	1
260	219	1
260	256	1
260	258	1
260	260	1
260	263	1
260	265	1
261	31	1
261	57	1
261	58	1
261	71	1
261	72	1
261	81	1
261	82	1
261	204	1
261	205	1
261	220	1
261	221	1
261	225	1
261	230	1
261	231	1
261	236	1
261	249	1
261	252	1
261	253	1
261	254	1
261	259	1
261	261	1
262	8	1
262	9	1
262	10	1
262	15	1
262	18	1
262	20	1
262	29	1
262	36	1
262	83	1
262	84	1
262	85	1
262	86	1
262	114	1
262	128	1
262	142	1
262	143	1
262	144	1
262	158	1
262	162	1
262	163	1
262	164	1
262	172	1
262	244	1
262	257	1
262	262	1
262	271	1
263	14	1
263	17	1
263	22	1
263	24	1
263	33	1
263	41	1
263	65	1
263	66	1
263	69	1
263	70	1
263	95	1
263	96	1
263	98	1
263	107	1
263	108	1
263	132	1
263	160	1
263	207	1
263	208	1
263	219	1
263	256	1
263	258	1
263	260	1
263	263	1
263	265	1
264	25	1
264	38	1
264	47	1
264	53	1
264	55	1
264	115	1
264	117	1
264	118	1
264	120	1
264	123	1
264	130	1
264	161	1
264	197	1
264	206	1
264	211	1
264	212	1
264	222	1
264	223	1
264	226	1
264	227	1
264	232	1
264	233	1
264	235	1
264	264	1
264	266	1
264	268	1
265	14	1
265	17	1
265	22	1
265	24	1
265	33	1
265	41	1
265	65	1
265	66	1
265	69	1
265	70	1
265	95	1
265	96	1
265	98	1
265	107	1
265	108	1
265	132	1
265	160	1
265	207	1
265	208	1
265	219	1
265	256	1
265	258	1
265	260	1
265	263	1
265	265	1
266	25	1
266	38	1
266	47	1
266	53	1
266	55	1
266	115	1
266	117	1
266	118	1
266	120	1
266	123	1
266	130	1
266	161	1
266	197	1
266	206	1
266	211	1
266	212	1
266	222	1
266	223	1
266	226	1
266	227	1
266	232	1
266	233	1
266	235	1
266	264	1
266	266	1
266	268	1
267	27	1
267	30	1
267	40	1
267	46	1
267	67	1
267	68	1
267	93	1
267	103	1
267	105	1
267	119	1
267	121	1
267	131	1
267	134	1
267	159	1
267	179	1
267	180	1
267	196	1
267	199	1
267	215	1
267	216	1
267	217	1
267	218	1
267	267	1
267	283	1
268	25	1
268	38	1
268	47	1
268	53	1
268	55	1
268	115	1
268	117	1
268	118	1
268	120	1
268	123	1
268	130	1
268	161	1
268	197	1
268	206	1
268	211	1
268	212	1
268	222	1
268	223	1
268	226	1
268	227	1
268	232	1
268	233	1
268	235	1
268	264	1
268	266	1
268	268	1
269	3	1
269	4	1
269	5	1
269	23	1
269	73	1
269	74	1
269	97	1
269	99	1
269	100	1
269	101	1
269	109	1
269	110	1
269	112	1
269	113	1
269	140	1
269	141	1
269	145	1
269	146	1
269	147	1
269	148	1
269	149	1
269	166	1
269	168	1
269	170	1
269	191	1
269	192	1
269	228	1
269	234	1
269	239	1
269	241	1
269	242	1
269	243	1
269	246	1
269	269	1
269	273	1
269	277	1
270	19	1
270	26	1
270	50	1
270	52	1
270	56	1
270	79	1
270	80	1
270	87	1
270	88	1
270	89	1
270	195	1
270	201	1
270	270	1
270	275	1
270	279	1
270	281	1
271	8	1
271	9	1
271	10	1
271	15	1
271	18	1
271	20	1
271	29	1
271	36	1
271	83	1
271	84	1
271	85	1
271	86	1
271	114	1
271	128	1
271	142	1
271	143	1
271	144	1
271	158	1
271	162	1
271	163	1
271	164	1
271	172	1
271	244	1
271	257	1
271	262	1
271	271	1
272	6	1
272	7	1
272	37	1
272	39	1
272	42	1
272	44	1
272	45	1
272	48	1
272	51	1
272	61	1
272	62	1
272	104	1
272	106	1
272	125	1
272	126	1
272	129	1
272	137	1
272	138	1
272	139	1
272	200	1
272	229	1
272	238	1
272	247	1
272	248	1
272	272	1
272	274	1
272	278	1
272	280	1
273	3	1
273	4	1
273	5	1
273	23	1
273	73	1
273	74	1
273	97	1
273	99	1
273	100	1
273	101	1
273	109	1
273	110	1
273	112	1
273	113	1
273	140	1
273	141	1
273	145	1
273	146	1
273	147	1
273	148	1
273	149	1
273	166	1
273	168	1
273	170	1
273	191	1
273	192	1
273	228	1
273	234	1
273	239	1
273	241	1
273	242	1
273	243	1
273	246	1
273	269	1
273	273	1
273	277	1
274	6	1
274	7	1
274	37	1
274	39	1
274	42	1
274	44	1
274	45	1
274	48	1
274	51	1
274	61	1
274	62	1
274	104	1
274	106	1
274	125	1
274	126	1
274	129	1
274	137	1
274	138	1
274	139	1
274	200	1
274	229	1
274	238	1
274	247	1
274	248	1
274	272	1
274	274	1
274	278	1
274	280	1
275	19	1
275	26	1
275	50	1
275	52	1
275	56	1
275	79	1
275	80	1
275	87	1
275	88	1
275	89	1
275	195	1
275	201	1
275	270	1
275	275	1
275	279	1
275	281	1
276	75	1
276	76	1
276	276	1
276	282	1
277	3	1
277	4	1
277	5	1
277	23	1
277	73	1
277	74	1
277	97	1
277	99	1
277	100	1
277	101	1
277	109	1
277	110	1
277	112	1
277	113	1
277	140	1
277	141	1
277	145	1
277	146	1
277	147	1
277	148	1
277	149	1
277	166	1
277	168	1
277	170	1
277	191	1
277	192	1
277	228	1
277	234	1
277	239	1
277	241	1
277	242	1
277	243	1
277	246	1
277	269	1
277	273	1
277	277	1
278	6	1
278	7	1
278	37	1
278	39	1
278	42	1
278	44	1
278	45	1
278	48	1
278	51	1
278	61	1
278	62	1
278	104	1
278	106	1
278	125	1
278	126	1
278	129	1
278	137	1
278	138	1
278	139	1
278	200	1
278	229	1
278	238	1
278	247	1
278	248	1
278	272	1
278	274	1
278	278	1
278	280	1
279	19	1
279	26	1
279	50	1
279	52	1
279	56	1
279	79	1
279	80	1
279	87	1
279	88	1
279	89	1
279	195	1
279	201	1
279	270	1
279	275	1
279	279	1
279	281	1
280	6	1
280	7	1
280	37	1
280	39	1
280	42	1
280	44	1
280	45	1
280	48	1
280	51	1
280	61	1
280	62	1
280	104	1
280	106	1
280	125	1
280	126	1
280	129	1
280	137	1
280	138	1
280	139	1
280	200	1
280	229	1
280	238	1
280	247	1
280	248	1
280	272	1
280	274	1
280	278	1
280	280	1
281	19	1
281	26	1
281	50	1
281	52	1
281	56	1
281	79	1
281	80	1
281	87	1
281	88	1
281	89	1
281	195	1
281	201	1
281	270	1
281	275	1
281	279	1
281	281	1
282	75	1
282	76	1
282	276	1
282	282	1
283	27	1
283	30	1
283	40	1
283	46	1
283	67	1
283	68	1
283	93	1
283	103	1
283	105	1
283	119	1
283	121	1
283	131	1
283	134	1
283	159	1
283	179	1
283	180	1
283	196	1
283	199	1
283	215	1
283	216	1
283	217	1
283	218	1
283	267	1
283	283	1
